








478 112
546 112




435 129
589 129


415 139




620 145
501 148
523 148




484 158
540 158






368 179
655 179
472 189


552 189


433 195
591 195
375 209
649 209


480 219
544 219




343 231
681 231
499 231
525 231


422 254
601 254
470 265
554 265
363 268
661 268
502 301
522 301
331 303
693 303










370 332
654 332


416 334
608 334






340 355




683 355
448 356
575 356




363 375
661 375
398 376
626 376


348 415
676 415
478 421
546 421




490 447
534 447
467 450
556 450
372 454
652 454
498 463
526 463
412 495
612 495
397 507
627 507
448 515
576 515
482 516
542 516


407 526
617 526


451 535


573 535
484 547
539 547




439 575
585 575
449 591
574 591
485 630
538 630
