0 38
1 20
2 14
3 8
4 9
5 15
6 21
7 39
8 9
8 10
8 12
9 11
9 13
10 14
10 18
11 15
11 19
12 13
12 18
12 22
13 19
13 23
14 16
15 17
16 20
16 30
17 21
17 31
18 28
18 30
18 48
19 29
19 31
19 49
20 24
21 25
22 23
22 26
22 28
23 27
23 29
24 38
25 39
26 27
26 32
26 34
27 33
27 35
28 32
28 46
29 33
29 47
30 38
30 50
31 41
31 51
32 36
32 42
33 37
33 45
34 35
34 36
35 37
36 43
37 44
38 40
39 41
40 60
41 61
42 43
42 46
42 54
43 52
44 45
44 53
45 47
45 55
46 48
46 58
47 49
47 59
48 50
48 66
49 51
49 67
50 60
50 70
51 61
51 71
52 54
52 56
53 55
53 57
54 58
54 62
55 59
55 63
56 57
56 62
57 63
58 64
58 66
59 65
59 67
60 74
61 75
62 63
62 64
63 65
64 65
64 68
65 69
66 68
66 70
66 80
67 69
67 71
67 81
68 69
68 72
68 76
68 104
69 73
69 77
69 105
70 74
70 78
71 75
71 79
72 73
72 76
72 114
73 77
73 115
74 88
74 98
75 89
75 103
76 104
76 118
77 105
77 119
78 80
78 82
78 88
79 81
79 83
79 89
80 84
80 104
81 85
81 105
82 84
82 86
82 92
83 85
83 87
83 93
84 90
84 104
85 91
85 105
86 90
86 94
87 91
87 95
88 92
88 98
89 93
89 103
90 96
91 97
92 98
93 103
94 98
94 99
95 102
95 103
96 100
96 104
97 101
97 105
98 108
98 110
98 116
99 100
99 108
100 104
100 106
101 102
101 105
101 107
102 109
103 109
103 111
103 117
104 106
104 122
105 107
105 123
106 108
106 112
107 109
107 113
108 110
109 111
110 112
110 120
111 113
111 121
112 122
113 123
114 115
114 118
114 124
115 119
115 125
116 120
117 121
118 122
118 126
119 123
119 127
120 122
120 128
120 132
121 123
121 129
122 126
122 132
123 127
123 133
124 125
124 126
124 130
125 127
125 131
126 130
126 132
127 131
127 133
128 134
128 162
129 135
129 169
130 131
130 138
131 139
132 134
132 136
132 138
132 140
132 146
132 154
133 135
133 137
133 139
133 141
133 149
133 155
134 142
135 143
136 140
136 144
137 141
137 145
138 139
140 146
140 147
141 148
141 149
142 156
142 163
143 157
143 168
144 145
144 147
145 148
146 150
146 154
147 148
147 150
148 151
149 151
149 155
150 151
150 152
151 153
152 153
152 154
152 160
153 155
153 161
154 158
154 160
155 159
155 161
156 158
156 164
157 159
159 161
157 167
158 160
160 161
160 165
161 166
