381 38
415 38
444 38
493 38
530 38
580 38
609 38
643 38
493 111
530 111
478 112
546 112
489 121
535 121
444 125
580 125
435 129
589 129
457 133
566 133
415 139
609 139
499 142
525 142
403 145
620 145
501 148
523 148
480 153
544 153
398 156
626 156
484 158
540 158
502 159
521 159
491 164
533 164
381 168
643 168
368 179
655 179
472 189
483 189
541 189
552 189
464 190
560 190
433 195
591 195
375 209
649 209
488 212
536 212
480 219
544 219
503 222
520 222
474 224
550 224
343 231
681 231
499 231
525 231
494 238
529 238
422 254
601 254
470 265
554 265
363 268
661 268
502 301
522 301
331 303
693 303
486 310
538 310
371 311
653 311
427 318
597 318
370 327
654 327
419 330
605 330
370 332
654 332
345 333
679 333
416 334
608 334
351 339
673 339
350 348
673 348
437 349
587 349
340 355
352 355
434 355
590 355
672 355
683 355
448 356
575 356
436 359
588 359
350 360
673 360
363 375
661 375
398 376
626 376
503 403
520 403
348 415
676 415
478 421
546 421
366 438
658 438
424 442
600 442
490 447
534 447
462 450
561 450
372 454
652 454
498 463
526 463
397 485
627 485
397 507
627 507
448 510
576 510
472 495
552 495
447 516
577 516
407 526
617 526
480 523
544 523
451 533
483 530
541 530
573 533
484 547
539 547
488 566
536 566
452 560
572 560
439 580
585 580
449 595
574 595
485 635
538 635
372 728
407 728
439 728
485 728
538 728
585 728
617 728
652 728