381 38
415 38
444 38
493 38
530 38
580 38
609 38
643 38
493 111
530 111
478 112
546 112
489 121
535 121
444 125
580 125
435 129
589 129
457 133
566 133
415 139
609 139
499 142
525 142
403 145
620 145
501 148
523 148
480 153
544 153
398 156
626 156
484 158
540 158
502 159
521 159
491 164
533 164
381 168
643 168
368 179
655 179
472 189
483 189
541 189
552 189
464 190
560 190
433 195
591 195
375 209
649 209
488 212
536 212
480 219
544 219
503 222
520 222
474 224
550 224
343 231
681 231
499 231
525 231
494 238
529 238
422 254
601 254
470 265
554 265
363 268
661 268
502 301
522 301
331 303
693 303
486 310
538 310
371 311
653 311
427 318
597 318
370 346
654 346
419 346
605 346
370 349
654 349
345 333
679 333
416 349
608 349
351 346
673 346
350 349
673 349
437 352
587 352
340 355
352 352
434 352
590 352
672 352
683 355
448 356
575 356
436 359
588 359
350 360
673 360
363 375
661 375
398 376
626 376
503 403
520 403
348 415
676 415
478 421
546 421
366 438
658 438
434 442
590 442
490 447
534 447
467 450
556 450
372 454
652 454
498 463
526 463
412 495
612 495
397 507
627 507
448 501
576 501
482 507
542 507
447 507
577 507
407 526
617 526
482 507

542 507
451 522
483 512
541 512
573 522
484 537
539 537
488 566
536 566
462 573
562 573
439 575
585 575
449 591
574 591
485 630
538 630
372 728
407 728
439 728
485 728
538 728
585 728
617 728
652 728
