0,1,2,24,38 2
1,2,14,16,20 8
2,3,8,10,14 8
3,4,9,8 8
4,5,15,11,9 8
5,6,21,17,15 8
6,7,39,25,21 8
38,24,20,16,30 8
16,14,10,18,30 8
10,8,12,18 8
8,9,13,12 8
9,11,19,13 8
11,15,17,31,19 8
17,21,25,39,31 8
40,38,30,50,60 8
30,18,48,50 8
18,28,46,48 8
18,28,46,48 8
18,28,46,48 8
18,28,46,48 8
18,28,46,48 8
18,28,46,48 8
31,39,41,61,51 8
18,28,46,48 8
18,28,46,48 8
22,23,27,26 8
23,29,33,27 8
29,47,45,33 8
42,32,36,43 8
32,26,34,36 8
26,27,35,34 8
27,33,37,35 8
33,45,44,37  8
60,50,70,74 8
50,48,66,70 8
48,46,58,66 8
46,42,54,58 8
42,43,52,54 8
44,45,55,53 8
45,47,59,55 8
47,49,67,59 8
49,51,71,67 8
51,61,75,71 8
52,56,62,54  8
56,57,63,62 8
57,53,55,63 8
58,54,62,64 8
62,63,65,64 6
63,55,59,65 7
66,58,64,68 5
64,65,69,68 6
65,59,67,69 7
74,88,98 7
74,70,78,88 5
70,66,80,78 1
66,68,104,80 2
68,76,104 3
68,72,76 2
68,69,73,72 3
73,69,77 6
77,69,105 8
69,67,81,105 8
67,71,79,81 8
71,75,89,79 8
89,75,103 9
88,92,98 2
88,78,82,92 4
78,80,84,82 3
80,104,84 1
98,94,99,108 7
98,92,82,86 9
82,84,90,86 8
84,104,90 7
96,104,100 7
99,100,106,108 2
100,104,106 1
105,81,85 3
81,79,83,85 4
108,110,98 1
79,89,93,83 1
89,103,93 6
105,97,101 9
105,85,91 8
85,83,87,91 7
83,93,103,87 7
95,103,109,102 6
109,103,111 7
105,101,107 1
101,102,109,107 2
108,106,112,110 4
107,109,111,113 4
98,110,120,116 3
110,112,122,120 2
112,106,104,122 7
104,76,118,122 2
76,72,114,118 3
72,73,115,114 6
73,77,119,115 7
77,105,123,119 8
105,107,113,123 6
113,111,121,123 7
111,103,117,121 8
120,132,134 1
120,122,132 2
122,126,132 6
122,118,126 8
118,114,124,126 2
114,115,125,124 1
115,119,127,125 6
119,123,127 9
127,123,133 8
123,121,133 6
133,121,135 7
126,124,130 7
124,125,131,130 8
125,127,131 9
132,126,130,138 4
130,131,139,138 2
131,127,133,139 6
132,136,140 1
136,144,147,140 2
144,145,148,147 3
145,137,141,148 4
137,133,141 3
132,140,146 7
140,147,150,146 8
147,148,151,150 8
148,141,149,151 9
141,133,149 8
134,132,154,158,156,142 1
132,146,154 3
146,150,152,154 2
150,151,153,152 6
151,149,155,153 7
149,133,155 8
155,133,135,143,157,159 7
158,154,160 0
154,152,160 1
152,153,161,160 1
153,155,161 6
155,159,161 7
128,142,163,162 2
142,156,164,163 0
156,158,160,165,164 6
160,161,166,165 7
161,159,157,167,166 6
157,143,168,167 0
143,135,129,169,168 2
