Define CharList
 ( 'A', 'B', 'C', 'D', 'E', 'F', 'G', 'H', 'I', 'J', 'K', 'L', 'M', 'N', 'O', 'P',
   'Q', 'R', 'S', 'T', 'U', 'V', 'W', 'X', 'Y', 'Z', 'a', 'b', 'c', 'd', 'e', 'f',
   'g', 'h', 'i', 'j', 'k', 'l', 'm', 'n', 'o', 'p', 'q', 'r', 's', 't', 'u', 'v',
   'w', 'x', 'y', 'z', '0', '1', '2', '3', '4', '5', '6', '7', '8', '9', '~', '`',
   '!', '@', '#', '$', '%', '^', '&', '*', '(', ')', '-', '_', '=', '+', '[', '{',
   ']', '}', ';', ':',"'", '"', ',', '<', '.', '>', '/', '?', '¡', '¢', '£', '¥',
   '§', '©', '®', '¿', 'À', 'Á', 'Â', 'Ã', 'Ä', 'Å', 'Æ', 'Ç', 'È', 'É', 'Ê', 'Ë',
   'Ì', 'Í', 'Î', 'Ï', 'Ð', 'Ñ', 'Ò', 'Ó', 'Ô', 'Õ', 'Ö', 'Ø', 'Ù', 'Ú', 'Û', 'Ü',
   'Ý', 'ß', 'à', 'á', 'â', 'ã', 'ä', 'å', 'æ', 'ç', 'è', 'é', 'ê', 'ë', 'ì', 'í',
   'î', 'ï', 'ð', 'ñ', 'ò', 'ó', 'ô', 'õ', 'ö', 'ø', 'ù', 'ú', 'û', 'ü', 'ý', 'ÿ');

Define WidthList
 (   7,   7,   7,   8,   7,   7,   7,   8,   3,   3,   7,   6,  10,   7,   8,   7,
     7,   7,   6,   5,   7,   7,  10,   8,   7,   6,   7,   7,   5,   7,   7,   3,
     7,   7,   3,   3,   6,   3,   9,   7,   7,   7,   7,   3,   6,   3,   7,   6,
     9,   6,   7,   6,   8,   8,   8,   8,   8,   8,   8,   8,   8,   8,   6,   4,
     3,   9,   7,   6,   9,   6,   8,   5,   3,   3,   4,   7,   8,   8,   3,   4,
     3,   4,   2,   2,   2,   4,   2,   6,   2,   6,   7,   6,   3,   5,   7,   6,
     6,   9,   9,   6,   7,   7,   7,   7,   7,   7,  11,   9,   7,   7,   7,   7,
     3,   3,   3,   3,   9,   7,   8,   8,   8,   7,   7,   9,   8,   8,   7,   7,
     7,   7,   7,   7,   7,   7,   7,   6,  11,   6,   7,   7,   7,   7,   3,   3,
     3,   3,   7,   7,   7,   7,   7,   7,   7,   7,   7,   7,   7,   7,   7,   7);

Define RectList
 ( (   0,  0,  9, 15), (  10,  0,  7, 15), (  18,  0,  7, 15), (  26,  0,  7, 15),
   (  34,  0,  7, 15), (  42,  0,  7, 15), (  50,  0,  7, 15), (  58,  0,  7, 15),
   (  66,  0,  2, 15), (  69,  0,  3, 15), (  73,  0,  7, 15), (  81,  0,  7, 15),
   (  89,  0,  9, 15), (  99,  0,  7, 15), ( 107,  0,  7, 15), ( 115,  0,  7, 15),
   ( 123,  0,  7, 15), ( 131,  0,  7, 15), ( 139,  0,  6, 15), ( 146,  0,  6, 15),
   ( 153,  0,  7, 15), ( 161,  0,  9, 15), ( 171,  0, 10, 15), ( 182,  0,  9, 15),
   ( 192,  0,  8, 15), ( 201,  0,  6, 15), ( 208,  0,  6, 15), ( 215,  0,  6, 15),
   ( 222,  0,  5, 15), ( 228,  0,  6, 15), ( 235,  0,  6, 15), ( 242,  0,  3, 15),
   ( 246,  0,  6, 15), ( 253,  0,  6, 15), ( 260,  0,  2, 15), ( 263,  0,  3, 15),
   ( 267,  0,  7, 15), ( 275,  0,  2, 15), ( 278,  0,  8, 15), ( 287,  0,  6, 15),
   ( 294,  0,  6, 15), ( 301,  0,  6, 15), ( 308,  0,  6, 15), ( 315,  0,  3, 15),
   ( 319,  0,  6, 15), ( 326,  0,  3, 15), ( 330,  0,  6, 15), ( 337,  0,  7, 15),
   ( 345,  0,  9, 15), ( 355,  0,  6, 15), ( 362,  0,  6, 15), ( 369,  0,  6, 15),
   ( 376,  0,  7, 15), ( 384,  0,  2, 15), ( 387,  0,  6, 15), ( 394,  0,  6, 15),
   ( 401,  0,  7, 15), ( 409,  0,  6, 15), ( 416,  0,  7, 15), ( 424,  0,  7, 15),
   ( 432,  0,  7, 15), ( 440,  0,  7, 15), ( 448,  0,  7, 15), ( 456,  0,  3, 15),
   ( 460,  0,  3, 15), ( 464,  0,  9, 15), ( 474,  0,  7, 15), ( 482,  0,  6, 15),
   ( 489,  0,  9, 15), ( 499,  0,  7, 15), ( 507,  0,  9, 15), ( 517,  0,  5, 15),
   ( 523,  0,  3, 15), ( 527,  0,  3, 15), ( 531,  0,  4, 15), ( 536,  0,  8, 15),
   ( 545,  0,  7, 15), ( 553,  0,  7, 15), ( 561,  0,  3, 15), ( 565,  0,  3, 15),
   ( 569,  0,  3, 15), ( 573,  0,  3, 15), ( 577,  0,  3, 15), ( 581,  0,  2, 15),
   ( 584,  0,  2, 15), ( 587,  0,  4, 15), ( 592,  0,  2, 15), ( 595,  0,  6, 15),
   ( 602,  0,  2, 15), ( 605,  0,  7, 15), ( 613,  0,  7, 15), ( 621,  0,  6, 15),
   ( 628,  0,  3, 15), ( 632,  0,  5, 15), ( 638,  0,  7, 15), ( 646,  0,  8, 15),
   ( 655,  0,  7, 15), ( 663,  0,  9, 15), ( 673,  0,  9, 15), ( 683,  0,  6, 15),
   ( 690,  0,  9, 15), ( 700,  0,  8, 15), ( 709,  0,  8, 15), ( 718,  0,  8, 15),
   ( 727,  0,  8, 15), ( 736,  0,  8, 15), ( 745,  0, 13, 15), ( 759,  0,  9, 15),
   ( 769,  0,  7, 15), ( 777,  0,  6, 15), ( 784,  0,  6, 15), ( 791,  0,  6, 15),
   ( 798,  0,  3, 15), ( 802,  0,  3, 15), ( 806,  0,  4, 15), ( 811,  0,  4, 15),
   ( 816,  0,  8, 15), ( 825,  0,  7, 15), ( 833,  0,  7, 15), ( 841,  0,  6, 15),
   ( 848,  0,  6, 15), ( 855,  0,  7, 15), ( 863,  0,  6, 15), ( 870,  0, 10, 15),
   ( 881,  0,  7, 15), ( 889,  0,  6, 15), ( 896,  0,  6, 15), ( 903,  0,  6, 15),
   ( 910,  0,  8, 15), ( 919,  0,  7, 15), ( 927,  0,  6, 15), ( 934,  0,  5, 15),
   ( 940,  0,  5, 15), ( 946,  0,  6, 15), ( 953,  0,  6, 15), ( 960,  0,  5, 15),
   ( 966,  0, 11, 15), ( 978,  0,  6, 15), ( 985,  0,  6, 15), ( 992,  0,  6, 15),
   ( 999,  0,  6, 15), (1006,  0,  6, 15), (1013,  0,  3, 15), (1017,  0,  3, 15),
   (1021,  0,  4, 15), (1026,  0,  4, 15), (1031,  0,  7, 15), (1039,  0,  7, 15),
   (1047,  0,  6, 15), (1054,  0,  5, 15), (1060,  0,  5, 15), (1066,  0,  7, 15),
   (1074,  0,  6, 15), (1081,  0,  8, 15), (1090,  0,  6, 15), (1097,  0,  5, 15),
   (1103,  0,  5, 15), (1109,  0,  6, 15), (1116,  0,  5, 15), (1122,  0,  6, 15));

Define OffsetList
 ( (-1, 0), ( 0, 0), ( 0, 0), ( 0, 0), ( 0, 0), ( 0, 0), ( 0, 0), ( 0, 0),
   ( 0, 0), ( 0, 0), ( 0, 0), ( 0, 0), ( 0, 0), ( 0, 0), ( 0, 0), ( 0, 0),
   ( 0, 0), ( 0, 0), ( 0, 0), ( 0, 0), ( 0, 0), (-1, 0), ( 0, 0), (-1, 0),
   (-1, 0), ( 0, 0), ( 0, 0), ( 0, 0), ( 0, 0), ( 0, 0), ( 0, 0), ( 0, 0),
   ( 0, 0), ( 0, 0), ( 0, 0), (-1, 0), ( 0, 0), ( 0, 0), ( 0, 0), ( 0, 0),
   ( 0, 0), ( 0, 0), ( 0, 0), ( 0, 0), ( 0, 0), ( 0, 0), ( 0, 0), ( 0, 0),
   ( 0, 0), ( 0, 0), ( 0, 0), ( 0, 0), ( 0, 0), ( 3, 0), ( 1, 0), ( 0, 0),
   ( 0, 0), ( 1, 0), ( 0, 0), ( 0, 0), ( 0, 0), ( 0, 0), ( 0, 0), ( 0, 0),
   ( 0, 0), ( 0, 0), ( 0, 0), ( 0, 0), ( 0, 0), (-1, 0), ( 0, 0), ( 0, 0),
   ( 0, 0), ( 0, 0), ( 0, 0), (-1, 0), ( 0, 0), ( 0, 0), ( 0, 0), ( 0, 0),
   ( 0, 0), ( 1, 0), ( 0, 0), ( 0, 0), ( 0, 0), ( 0, 0), ( 0, 0), ( 0, 0),
   ( 0, 0), (-1, 0), ( 0, 0), ( 0, 0), ( 0, 0), ( 0, 0), ( 0, 0), (-1, 0),
   ( 0, 0), ( 0, 0), ( 0, 0), ( 0, 0), (-1, 0), ( 0, 0), ( 0, 0), ( 0, 0),
   ( 0, 0), ( 0, 0), (-1, 0), ( 0, 0), ( 0, 0), ( 0, 0), ( 0, 0), ( 0, 0),
   ( 0, 0), ( 0, 0), ( 0, 0), ( 0, 0), ( 0, 0), ( 0, 0), ( 0, 0), ( 0, 0),
   ( 0, 0), ( 0, 0), ( 0, 0), (-1, 0), ( 0, 0), ( 0, 0), ( 0, 0), ( 0, 0),
   ( 0, 0), ( 0, 0), ( 0, 0), ( 0, 0), ( 0, 0), ( 0, 0), ( 1, 0), (0, 0),
   ( 0, 0), ( 0, 0), ( 0, 0), ( 0, 0), ( 0, 0), ( 0, 0), ( 0, 0), ( 0, 0),
   ( 0, 0), ( 0, 0), ( 0, 0), ( 0, 0), ( 0, 0), ( 0, 0), ( 0, 0), ( 0, 0),
   ( 1, 0), (-1, 0), ( 0, 0), ( 0, 0), ( 0, 0), ( 0, 0), ( 0, 0), ( 0, 0));

CreateLayer               Main;
LayerSetImage             Main 'ContinuumMedium9';
LayerSetAscent            Main 12;
LayerSetCharWidths        Main CharList WidthList;
LayerSetCharWidths        Main (' ') (3);
LayerSetImageMap          Main CharList RectList;
LayerSetCharOffsets       Main CharList OffsetList;
LayerSetAscentPadding     Main 0;
LayerSetLineSpacingOffset Main -4;
LayerSetPointSize         Main 9;

SetDefaultPointSize  9;
