Define CharList
 ( 'A', 'B', 'C', 'D', 'E', 'F', 'G', 'H', 'I', 'J', 'K', 'L', 'M', 'N', 'O', 'P',
   'Q', 'R', 'S', 'T', 'U', 'V', 'W', 'X', 'Y', 'Z', 'a', 'b', 'c', 'd', 'e', 'f',
   'g', 'h', 'i', 'j', 'k', 'l', 'm', 'n', 'o', 'p', 'q', 'r', 's', 't', 'u', 'v',
   'w', 'x', 'y', 'z', '0', '1', '2', '3', '4', '5', '6', '7', '8', '9', '~', '`',
   '!', '@', '#', '$', '%', '^', '&', '*', '(', ')', '-', '_', '=', '+', '[', '{',
   ']', '}', ';', ':',"'", '"', ',', '<', '.', '>', '/', '?', '¡', '¢', '£', '¥',
   '§', '©', '®', '¿', 'À', 'Á', 'Â', 'Ã', 'Ä', 'Å', 'Æ', 'Ç', 'È', 'É', 'Ê', 'Ë',
   'Ì', 'Í', 'Î', 'Ï', 'Ð', 'Ñ', 'Ò', 'Ó', 'Ô', 'Õ', 'Ö', 'Ø', 'Ù', 'Ú', 'Û', 'Ü',
   'Ý', 'ß', 'à', 'á', 'â', 'ã', 'ä', 'å', 'æ', 'ç', 'è', 'é', 'ê', 'ë', 'ì', 'í',
   'î', 'ï', 'ð', 'ñ', 'ò', 'ó', 'ô', 'õ', 'ö', 'ø', 'ù', 'ú', 'û', 'ü', 'ý', 'ÿ');

Define WidthList
 (  12,  12,  11,  12,  11,  10,  12,  12,   4,   5,  11,  10,  16,  12,  12,  11,
    12,  11,  10,   8,  12,  11,  16,  12,  11,  10,  11,  11,   8,  11,  10,   5,
    11,  11,   4,   4,  10,   4,  14,  11,  11,  11,  11,   5,   9,   4,  11,  10,
    14,   9,  11,  10,  12,  12,  12,  12,  12,  12,  12,  12,  12,  12,  10,   6,
     5,  14,  11,  10,  14,   9,   0,   7,   5,   5,   6,  11,  12,  12,   5,   6,
     5,   6,   4,   4,   4,   6,   3,  10,   3,   9,  11,  10,   5,   8,  11,  10,
    10,  15,  15,  10,  12,  12,  12,  12,  12,  12,  18,  14,  11,  11,  11,  11,
     5,   5,   5,   5,  14,  12,  12,  12,  12,  12,  12,  15,  12,  12,  12,  12,
    11,  11,  11,  10,  11,  11,  10,  11,  17,  10,  11,  10,  11,  11,   5,   5,
     5,   5,  11,  11,  11,  11,  11,  11,  11,  12,  11,  11,  11,  11,  11,  11);

Define RectList
 ( (   0,  0, 28, 40), (  29,  0, 26, 40), (  56,  0, 25, 40), (  82,  0, 26, 40),
   ( 109,  0, 25, 40), ( 135,  0, 25, 40), ( 161,  0, 26, 40), ( 188,  0, 26, 40),
   ( 215,  0, 18, 40), ( 234,  0, 20, 40), ( 255,  0, 26, 40), ( 282,  0, 25, 40),
   ( 308,  0, 29, 40), ( 338,  0, 25, 40), ( 364,  0, 26, 40), ( 391,  0, 26, 40),
   ( 418,  0, 26, 40), ( 445,  0, 26, 40), ( 472,  0, 25, 40), ( 498,  0, 24, 40),
   ( 523,  0, 25, 40), ( 549,  0, 28, 40), ( 578,  0, 32, 40), ( 611,  0, 29, 40),
   ( 641,  0, 28, 40), ( 670,  0, 25, 40), ( 696,  0, 24, 40), ( 721,  0, 24, 40),
   ( 746,  0, 23, 40), ( 770,  0, 24, 40), ( 795,  0, 25, 40), ( 821,  0, 19, 40),
   ( 841,  0, 24, 40), ( 866,  0, 24, 40), ( 891,  0, 18, 40), ( 910,  0, 20, 40),
   ( 931,  0, 25, 40), ( 957,  0, 18, 40), ( 976,  0, 27, 40), (1004,  0, 24, 40),
   (1029,  0, 24, 40), (1054,  0, 24, 40), (1079,  0, 24, 40), (1104,  0, 20, 40),
   (1125,  0, 23, 40), (1149,  0, 19, 40), (1169,  0, 24, 40), (1194,  0, 26, 40),
   (1221,  0, 30, 40), (1252,  0, 25, 40), (1278,  0, 24, 40), (1303,  0, 25, 40),
   (1329,  0, 26, 40), (1356,  0, 18, 40), (1375,  0, 25, 40), (1401,  0, 25, 40),
   (1427,  0, 25, 40), (1453,  0, 25, 40), (1479,  0, 26, 40), (1506,  0, 25, 40),
   (1532,  0, 26, 40), (1559,  0, 26, 40), (1586,  0, 25, 40), (1612,  0, 20, 40),
   (1633,  0, 18, 40), (1652,  0, 28, 40), (1681,  0, 27, 40), (1709,  0, 25, 40),
   (1735,  0, 28, 40), (1764,  0, 26, 40), (1791,  0, 28, 40), (1820,  0, 22, 40),
   (1843,  0, 19, 40), (1863,  0, 19, 40), (1883,  0, 21, 40), (1905,  0, 27, 40),
   (1933,  0, 26, 40), (1960,  0, 26, 40), (1987,  0, 19, 40), (2007,  0, 19, 40),
   (2027,  0, 19, 40), (2047,  0, 19, 40), (2067,  0, 19, 40), (2087,  0, 19, 40),
   (2107,  0, 18, 40), (2126,  0, 20, 40), (2147,  0, 18, 40), (2166,  0, 26, 40),
   (2193,  0, 18, 40), (2212,  0, 26, 40), (2239,  0, 26, 40), (2266,  0, 25, 40),
   (2292,  0, 18, 40), (2311,  0, 23, 40), (2335,  0, 26, 40), (2362,  0, 27, 40),
   (2390,  0, 25, 40), (2416,  0, 29, 40), (2446,  0, 29, 40), (2476,  0, 25, 40),
   (2502,  0, 28, 40), (2531,  0, 28, 40), (2560,  0, 28, 40), (2589,  0, 28, 40),
   (2618,  0, 28, 40), (2647,  0, 28, 40), (2676,  0, 34, 40), (2711,  0, 28, 40),
   (2740,  0, 25, 40), (2766,  0, 26, 40), (2793,  0, 25, 40), (2819,  0, 25, 40),
   (2845,  0, 20, 40), (2866,  0, 22, 40), (2889,  0, 22, 40), (2912,  0, 22, 40),
   (2935,  0, 29, 40), (2965,  0, 25, 40), (2991,  0, 26, 40), (3018,  0, 26, 40),
   (3045,  0, 26, 40), (3072,  0, 26, 40), (3099,  0, 26, 40), (3126,  0, 30, 40),
   (3157,  0, 25, 40), (3183,  0, 26, 40), (3210,  0, 25, 40), (3236,  0, 25, 40),
   (3262,  0, 28, 40), (3291,  0, 25, 40), (3317,  0, 24, 40), (3342,  0, 24, 40),
   (3367,  0, 24, 40), (3392,  0, 24, 40), (3417,  0, 24, 40), (3442,  0, 24, 40),
   (3467,  0, 32, 40), (3500,  0, 25, 40), (3526,  0, 25, 40), (3552,  0, 25, 40),
   (3578,  0, 25, 40), (3604,  0, 25, 40), (3630,  0, 20, 40), (3651,  0, 22, 40),
   (3674,  0, 22, 40), (3697,  0, 22, 40), (3720,  0, 25, 40), (3746,  0, 24, 40),
   (3771,  0, 24, 40), (3796,  0, 24, 40), (3821,  0, 24, 40), (3846,  0, 24, 40),
   (3871,  0, 24, 40), (3896,  0, 27, 40), (3924,  0, 24, 40), (3949,  0, 25, 40),
   (3975,  0, 24, 40), (4000,  0, 24, 40), (4025,  0, 25, 40), (4051,  0, 24, 40));

Define OffsetList
 ( (-8, 0), (-7, 0), (-7, 0), (-7, 0), (-7, 0), (-7, 0), (-7, 0), (-7, 0),
   (-7, 0), (-8, 0), (-7, 0), (-7, 0), (-7, 0), (-7, 0), (-7, 0), (-7, 0),
   (-7, 0), (-7, 0), (-7, 0), (-8, 0), (-7, 0), (-8, 0), (-8, 0), (-8, 0),
   (-8, 0), (-8, 0), (-7, 0), (-7, 0), (-7, 0), (-7, 0), (-7, 0), (-7, 0),
   (-7, 0), (-7, 0), (-7, 0), (-8, 0), (-7, 0), (-7, 0), (-7, 0), (-7, 0),
   (-7, 0), (-7, 0), (-7, 0), (-7, 0), (-7, 0), (-7, 0), (-7, 0), (-8, 0),
   (-8, 0), (-8, 0), (-7, 0), (-8, 0), (-7, 0), (-3, 0), (-7, 0), (-7, 0),
   (-7, 0), (-7, 0), (-7, 0), (-7, 0), (-7, 0), (-7, 0), (-8, 0), (-7, 0),
   (-7, 0), (-7, 0), (-8, 0), (-7, 0), (-7, 0), (-8, 0), (-7, 0), (-8, 0),
   (-7, 0), (-7, 0), (-8, 0), (-8, 0), (-7, 0), (-7, 0), (-7, 0), (-7, 0),
   (-7, 0), (-6, 0), (-7, 0), (-7, 0), (-7, 0), (-7, 0), (-8, 0), (-8, 0),
   (-8, 0), (-9, 0), (-8, 0), (-8, 0), (-7, 0), (-7, 0), (-8, 0), (-8, 0),
   (-8, 0), (-7, 0), (-7, 0), (-8, 0), (-8, 0), (-8, 0), (-8, 0), (-8, 0),
   (-8, 0), (-8, 0), (-8, 0), (-7, 0), (-7, 0), (-7, 0), (-7, 0), (-7, 0),
   (-8, 0), (-7, 0), (-8, 0), (-9, 0), (-8, 0), (-7, 0), (-7, 0), (-7, 0),
   (-7, 0), (-7, 0), (-7, 0), (-8, 0), (-7, 0), (-7, 0), (-7, 0), (-7, 0),
   (-8, 0), (-7, 0), (-7, 0), (-7, 0), (-7, 0), (-7, 0), (-7, 0), (-7, 0),
   (-7, 0), (-8, 0), (-7, 0), (-7, 0), (-7, 0), (-7, 0), (-8, 0), (-7, 0),
   (-8, 0), (-9, 0), (-7, 0), (-7, 0), (-7, 0), (-7, 0), (-7, 0), (-7, 0),
   (-7, 0), (-8, 0), (-7, 0), (-7, 0), (-7, 0), (-7, 0), (-7, 0), (-7, 0));

CreateLayer               Main;
LayerSetImage             Main 'ContinuumMedium14glow';
LayerSetAscent            Main 27;
LayerSetCharWidths        Main CharList WidthList;
LayerSetCharWidths        Main (' ') (5);
LayerSetImageMap          Main CharList RectList;
LayerSetCharOffsets       Main CharList OffsetList;
LayerSetAscentPadding     Main 8;
LayerSetLineSpacingOffset Main -8;
LayerSetPointSize         Main 14;

SetDefaultPointSize  14;
