Define CharList
 ( 'A', 'B', 'C', 'D', 'E', 'F', 'G', 'H', 'I', 'J', 'K', 'L', 'M', 'N', 'O', 'P',
   'Q', 'R', 'S', 'T', 'U', 'V', 'W', 'X', 'Y', 'Z', 'a', 'b', 'c', 'd', 'e', 'f',
   'g', 'h', 'i', 'j', 'k', 'l', 'm', 'n', 'o', 'p', 'q', 'r', 's', 't', 'u', 'v',
   'w', 'x', 'y', 'z', '0', '1', '2', '3', '4', '5', '6', '7', '8', '9', '~', '`',
   '!', '@', '#', '$', '%', '^', '&', '*', '(', ')', '-', '_', '=', '+', '[', '{',
   ']', '}', ';', ':',"'", '"', ',', '<', '.', '>', '/', '?', '¡', '¢', '£', '¥',
   '§', '©', '®', '¿', 'À', 'Á', 'Â', 'Ã', 'Ä', 'Å', 'Æ', 'Ç', 'È', 'É', 'Ê', 'Ë',
   'Ì', 'Í', 'Î', 'Ï', 'Ð', 'Ñ', 'Ò', 'Ó', 'Ô', 'Õ', 'Ö', 'Ø', 'Ù', 'Ú', 'Û', 'Ü',
   'Ý', 'ß', 'à', 'á', 'â', 'ã', 'ä', 'å', 'æ', 'ç', 'è', 'é', 'ê', 'ë', 'ì', 'í',
   'î', 'ï', 'ð', 'ñ', 'ò', 'ó', 'ô', 'õ', 'ö', 'ø', 'ù', 'ú', 'û', 'ü', 'ý', 'ÿ');

Define WidthList
 (   7,   7,   7,   8,   7,   7,   7,   8,   3,   3,   7,   6,  10,   7,   8,   7,
     7,   7,   6,   5,   7,   7,  10,   8,   7,   6,   7,   7,   5,   7,   7,   3,
     7,   7,   3,   3,   6,   3,   9,   7,   7,   7,   7,   3,   6,   3,   7,   6,
     9,   6,   7,   6,   8,   8,   8,   8,   8,   8,   8,   8,   8,   8,   6,   4,
     3,   9,   7,   6,   9,   6,   0,   5,   3,   3,   4,   7,   8,   8,   3,   4,
     3,   4,   2,   2,   2,   4,   2,   6,   2,   6,   7,   6,   3,   5,   7,   6,
     6,   9,   9,   6,   7,   7,   7,   7,   7,   7,  11,   9,   7,   7,   7,   7,
     3,   3,   3,   3,   9,   7,   8,   8,   8,   7,   7,   9,   8,   8,   7,   7,
     7,   7,   7,   7,   7,   7,   7,   7,  11,   6,   7,   7,   7,   7,   3,   3,
     3,   3,   7,   7,   7,   7,   7,   7,   7,   7,   7,   7,   7,   7,   7,   7);

Define RectList
 ( (   0,  0, 16, 23), (  17,  0, 14, 23), (  32,  0, 13, 23), (  46,  0, 14, 23),
   (  61,  0, 14, 23), (  76,  0, 14, 23), (  91,  0, 14, 23), ( 106,  0, 14, 23),
   ( 121,  0,  9, 23), ( 131,  0, 10, 23), ( 142,  0, 14, 23), ( 157,  0, 13, 23),
   ( 171,  0, 16, 23), ( 188,  0, 14, 23), ( 203,  0, 14, 23), ( 218,  0, 14, 23),
   ( 233,  0, 14, 23), ( 248,  0, 14, 23), ( 263,  0, 13, 23), ( 277,  0, 13, 23),
   ( 291,  0, 14, 23), ( 306,  0, 15, 23), ( 322,  0, 18, 23), ( 341,  0, 16, 23),
   ( 358,  0, 15, 23), ( 374,  0, 14, 23), ( 389,  0, 13, 23), ( 403,  0, 13, 23),
   ( 417,  0, 12, 23), ( 430,  0, 13, 23), ( 444,  0, 13, 23), ( 458,  0, 10, 23),
   ( 469,  0, 13, 23), ( 483,  0, 13, 23), ( 497,  0,  9, 23), ( 507,  0, 10, 23),
   ( 518,  0, 13, 23), ( 532,  0,  9, 23), ( 542,  0, 15, 23), ( 558,  0, 13, 23),
   ( 572,  0, 13, 23), ( 586,  0, 13, 23), ( 600,  0, 13, 23), ( 614,  0, 10, 23),
   ( 625,  0, 13, 23), ( 639,  0, 10, 23), ( 650,  0, 13, 23), ( 664,  0, 14, 23),
   ( 679,  0, 16, 23), ( 696,  0, 14, 23), ( 711,  0, 13, 23), ( 725,  0, 14, 23),
   ( 740,  0, 14, 23), ( 755,  0,  9, 23), ( 765,  0, 13, 23), ( 779,  0, 13, 23),
   ( 793,  0, 14, 23), ( 808,  0, 13, 23), ( 822,  0, 14, 23), ( 837,  0, 14, 23),
   ( 852,  0, 14, 23), ( 867,  0, 14, 23), ( 882,  0, 14, 23), ( 897,  0, 10, 23),
   ( 908,  0,  9, 23), ( 918,  0, 16, 23), ( 935,  0, 15, 23), ( 951,  0, 13, 23),
   ( 965,  0, 16, 23), ( 982,  0, 14, 23), ( 997,  0, 16, 23), (1014,  0, 12, 23),
   (1027,  0, 10, 23), (1038,  0, 10, 23), (1049,  0, 11, 23), (1061,  0, 15, 23),
   (1077,  0, 14, 23), (1092,  0, 14, 23), (1107,  0, 10, 23), (1118,  0, 10, 23),
   (1129,  0, 10, 23), (1140,  0, 10, 23), (1151,  0, 10, 23), (1162,  0,  9, 23),
   (1172,  0,  9, 23), (1182,  0, 11, 23), (1194,  0,  9, 23), (1204,  0, 14, 23),
   (1219,  0,  9, 23), (1229,  0, 14, 23), (1244,  0, 14, 23), (1259,  0, 13, 23),
   (1273,  0,  9, 23), (1283,  0, 12, 23), (1296,  0, 14, 23), (1311,  0, 15, 23),
   (1327,  0, 14, 23), (1342,  0, 16, 23), (1359,  0, 16, 23), (1376,  0, 13, 23),
   (1390,  0, 16, 23), (1407,  0, 16, 23), (1424,  0, 16, 23), (1441,  0, 16, 23),
   (1458,  0, 16, 23), (1475,  0, 16, 23), (1492,  0, 19, 23), (1512,  0, 16, 23),
   (1529,  0, 14, 23), (1544,  0, 14, 23), (1559,  0, 14, 23), (1574,  0, 14, 23),
   (1589,  0, 10, 23), (1600,  0, 10, 23), (1611,  0, 11, 23), (1623,  0, 12, 23),
   (1636,  0, 16, 23), (1653,  0, 14, 23), (1668,  0, 14, 23), (1683,  0, 14, 23),
   (1698,  0, 14, 23), (1713,  0, 14, 23), (1728,  0, 14, 23), (1743,  0, 17, 23),
   (1761,  0, 14, 23), (1776,  0, 14, 23), (1791,  0, 14, 23), (1806,  0, 14, 23),
   (1821,  0, 15, 23), (1837,  0, 14, 23), (1852,  0, 13, 23), (1866,  0, 13, 23),
   (1880,  0, 13, 23), (1894,  0, 13, 23), (1908,  0, 13, 23), (1922,  0, 13, 23),
   (1936,  0, 18, 23), (1955,  0, 13, 23), (1969,  0, 13, 23), (1983,  0, 13, 23),
   (1997,  0, 13, 23), (2011,  0, 13, 23), (2025,  0, 10, 23), (2036,  0, 10, 23),
   (2047,  0, 11, 23), (2059,  0, 12, 23), (2072,  0, 14, 23), (2087,  0, 13, 23),
   (2101,  0, 13, 23), (2115,  0, 13, 23), (2129,  0, 13, 23), (2143,  0, 13, 23),
   (2157,  0, 13, 23), (2171,  0, 15, 23), (2187,  0, 13, 23), (2201,  0, 13, 23),
   (2215,  0, 13, 23), (2229,  0, 13, 23), (2243,  0, 13, 23), (2257,  0, 13, 23));

Define OffsetList
 ( (-4, 0), (-4, 0), (-3, 0), (-3, 0), (-4, 0), (-4, 0), (-4, 0), (-3, 0),
   (-3, 0), (-4, 0), (-4, 0), (-4, 0), (-3, 0), (-4, 0), (-3, 0), (-4, 0),
   (-4, 0), (-4, 0), (-4, 0), (-4, 0), (-4, 0), (-4, 0), (-4, 0), (-4, 0),
   (-4, 0), (-4, 0), (-3, 0), (-3, 0), (-4, 0), (-3, 0), (-3, 0), (-4, 0),
   (-3, 0), (-3, 0), (-3, 0), (-4, 0), (-4, 0), (-3, 0), (-3, 0), (-3, 0),
   (-3, 0), (-3, 0), (-3, 0), (-4, 0), (-4, 0), (-4, 0), (-3, 0), (-4, 0),
   (-4, 0), (-4, 0), (-3, 0), (-4, 0), (-3, 0), (-1, 0), (-3, 0), (-3, 0),
   (-3, 0), (-3, 0), (-3, 0), (-3, 0), (-3, 0), (-3, 0), (-4, 0), (-3, 0),
   (-3, 0), (-4, 0), (-4, 0), (-4, 0), (-4, 0), (-4, 0), (-4, 0), (-4, 0),
   (-4, 0), (-4, 0), (-4, 0), (-4, 0), (-3, 0), (-3, 0), (-4, 0), (-3, 0),
   (-4, 0), (-3, 0), (-4, 0), (-4, 0), (-4, 0), (-4, 0), (-4, 0), (-4, 0),
   (-4, 0), (-4, 0), (-4, 0), (-4, 0), (-3, 0), (-4, 0), (-4, 0), (-4, 0),
   (-4, 0), (-4, 0), (-4, 0), (-4, 0), (-4, 0), (-4, 0), (-4, 0), (-4, 0),
   (-4, 0), (-4, 0), (-4, 0), (-4, 0), (-4, 0), (-4, 0), (-4, 0), (-4, 0),
   (-4, 0), (-3, 0), (-4, 0), (-4, 0), (-4, 0), (-4, 0), (-3, 0), (-3, 0),
   (-3, 0), (-3, 0), (-3, 0), (-5, 0), (-3, 0), (-4, 0), (-4, 0), (-4, 0),
   (-4, 0), (-4, 0), (-3, 0), (-3, 0), (-3, 0), (-3, 0), (-3, 0), (-3, 0),
   (-4, 0), (-4, 0), (-3, 0), (-3, 0), (-3, 0), (-3, 0), (-4, 0), (-3, 0),
   (-4, 0), (-4, 0), (-4, 0), (-3, 0), (-3, 0), (-3, 0), (-3, 0), (-3, 0),
   (-3, 0), (-4, 0), (-3, 0), (-3, 0), (-3, 0), (-3, 0), (-3, 0), (-3, 0));

CreateLayer               Main;
LayerSetImage             Main 'ContinuumMedium9glow';
LayerSetAscent            Main 16;
LayerSetCharWidths        Main CharList WidthList;
LayerSetCharWidths        Main (' ') (3);
LayerSetImageMap          Main CharList RectList;
LayerSetCharOffsets       Main CharList OffsetList;
LayerSetAscentPadding     Main 4;
LayerSetLineSpacingOffset Main -4;
LayerSetPointSize         Main 9;

SetDefaultPointSize  9;
