Define CharList
 ( 'A', 'B', 'C', 'D', 'E', 'F', 'G', 'H', 'I', 'J', 'K', 'L', 'M', 'N', 'O', 'P',
   'Q', 'R', 'S', 'T', 'U', 'V', 'W', 'X', 'Y', 'Z', 'a', 'b', 'c', 'd', 'e', 'f',
   'g', 'h', 'i', 'j', 'k', 'l', 'm', 'n', 'o', 'p', 'q', 'r', 's', 't', 'u', 'v',
   'w', 'x', 'y', 'z', '0', '1', '2', '3', '4', '5', '6', '7', '8', '9', '~', '`',
   '!', '@', '#', '$', '%', '^', '&', '*', '(', ')', '-', '_', '=', '+', '[', '{',
   ']', '}', ';', ':',"'", '"', ',', '<', '.', '>', '/', '?', '¡', '¢', '£', '¥',
   '§', '©', '®', '¿', 'À', 'Á', 'Â', 'Ã', 'Ä', 'Å', 'Æ', 'Ç', 'È', 'É', 'Ê', 'Ë',
   'Ì', 'Í', 'Î', 'Ï', 'Ð', 'Ñ', 'Ò', 'Ó', 'Ô', 'Õ', 'Ö', 'Ø', 'Ù', 'Ú', 'Û', 'Ü',
   'Ý', 'ß', 'à', 'á', 'â', 'ã', 'ä', 'å', 'æ', 'ç', 'è', 'é', 'ê', 'ë', 'ì', 'í',
   'î', 'ï', 'ð', 'ñ', 'ò', 'ó', 'ô', 'õ', 'ö', 'ø', 'ù', 'ú', 'û', 'ü', 'ý', 'ÿ');

Define WidthList
 (  12,  12,  11,  12,  11,  10,  12,  12,   4,   5,  11,  10,  16,  12,  12,  11,
    12,  11,  10,   8,  12,  11,  16,  12,  11,  10,  11,  11,   8,  11,  10,   5,
    11,  11,   4,   4,  10,   4,  14,  11,  11,  11,  11,   5,   9,   4,  11,  10,
    14,   9,  11,  10,  12,  12,  12,  12,  12,  12,  12,  12,  12,  12,  10,   6,
     5,  14,  11,  10,  14,   9,   0,   7,   5,   5,   6,  11,  12,  12,   5,   6,
     5,   6,   4,   4,   4,   6,   3,  10,   3,   9,  11,  10,   5,   8,  11,  10,
    10,  15,  15,  10,  12,  12,  12,  12,  12,  12,  18,  14,  11,  11,  11,  11,
     5,   5,   5,   5,  14,  12,  12,  12,  12,  12,  12,  15,  12,  12,  12,  12,
    11,  11,  11,  10,  11,  11,  10,  11,  17,  10,  11,  10,  11,  11,   5,   5,
     5,   5,  11,  11,  11,  11,  11,  11,  11,  12,  11,  11,  11,  11,  11,  11);

Define RectList
 ( (   0,  0, 22, 34), (  23,  0, 20, 34), (  44,  0, 19, 34), (  64,  0, 20, 34),
   (  85,  0, 19, 34), ( 105,  0, 19, 34), ( 125,  0, 20, 34), ( 146,  0, 20, 34),
   ( 167,  0, 12, 34), ( 180,  0, 14, 34), ( 195,  0, 20, 34), ( 216,  0, 19, 34),
   ( 236,  0, 23, 34), ( 260,  0, 19, 34), ( 280,  0, 20, 34), ( 301,  0, 20, 34),
   ( 322,  0, 20, 34), ( 343,  0, 20, 34), ( 364,  0, 19, 34), ( 384,  0, 18, 34),
   ( 403,  0, 19, 34), ( 423,  0, 22, 34), ( 446,  0, 26, 34), ( 473,  0, 23, 34),
   ( 497,  0, 22, 34), ( 520,  0, 19, 34), ( 540,  0, 18, 34), ( 559,  0, 18, 34),
   ( 578,  0, 17, 34), ( 596,  0, 18, 34), ( 615,  0, 19, 34), ( 635,  0, 13, 34),
   ( 649,  0, 18, 34), ( 668,  0, 18, 34), ( 687,  0, 12, 34), ( 700,  0, 14, 34),
   ( 715,  0, 19, 34), ( 735,  0, 12, 34), ( 748,  0, 21, 34), ( 770,  0, 18, 34),
   ( 789,  0, 18, 34), ( 808,  0, 18, 34), ( 827,  0, 18, 34), ( 846,  0, 14, 34),
   ( 861,  0, 17, 34), ( 879,  0, 13, 34), ( 893,  0, 18, 34), ( 912,  0, 20, 34),
   ( 933,  0, 24, 34), ( 958,  0, 19, 34), ( 978,  0, 18, 34), ( 997,  0, 19, 34),
   (1017,  0, 20, 34), (1038,  0, 12, 34), (1051,  0, 19, 34), (1071,  0, 19, 34),
   (1091,  0, 19, 34), (1111,  0, 19, 34), (1131,  0, 20, 34), (1152,  0, 19, 34),
   (1172,  0, 20, 34), (1193,  0, 20, 34), (1214,  0, 19, 34), (1234,  0, 14, 34),
   (1249,  0, 12, 34), (1262,  0, 22, 34), (1285,  0, 21, 34), (1307,  0, 19, 34),
   (1327,  0, 22, 34), (1350,  0, 20, 34), (1371,  0, 22, 34), (1394,  0, 16, 34),
   (1411,  0, 13, 34), (1425,  0, 13, 34), (1439,  0, 15, 34), (1455,  0, 21, 34),
   (1477,  0, 20, 34), (1498,  0, 20, 34), (1519,  0, 13, 34), (1533,  0, 13, 34),
   (1547,  0, 13, 34), (1561,  0, 13, 34), (1575,  0, 13, 34), (1589,  0, 13, 34),
   (1603,  0, 12, 34), (1616,  0, 14, 34), (1631,  0, 12, 34), (1644,  0, 20, 34),
   (1665,  0, 12, 34), (1678,  0, 20, 34), (1699,  0, 20, 34), (1720,  0, 19, 34),
   (1740,  0, 12, 34), (1753,  0, 17, 34), (1771,  0, 20, 34), (1792,  0, 21, 34),
   (1814,  0, 19, 34), (1834,  0, 23, 34), (1858,  0, 23, 34), (1882,  0, 19, 34),
   (1902,  0, 22, 34), (1925,  0, 22, 34), (1948,  0, 22, 34), (1971,  0, 22, 34),
   (1994,  0, 22, 34), (2017,  0, 22, 34), (2040,  0, 28, 34), (2069,  0, 22, 34),
   (2092,  0, 19, 34), (2112,  0, 20, 34), (2133,  0, 19, 34), (2153,  0, 19, 34),
   (2173,  0, 14, 34), (2188,  0, 16, 34), (2205,  0, 16, 34), (2222,  0, 16, 34),
   (2239,  0, 23, 34), (2263,  0, 19, 34), (2283,  0, 20, 34), (2304,  0, 20, 34),
   (2325,  0, 20, 34), (2346,  0, 20, 34), (2367,  0, 20, 34), (2388,  0, 24, 34),
   (2413,  0, 19, 34), (2433,  0, 20, 34), (2454,  0, 19, 34), (2474,  0, 19, 34),
   (2494,  0, 22, 34), (2517,  0, 19, 34), (2537,  0, 18, 34), (2556,  0, 18, 34),
   (2575,  0, 18, 34), (2594,  0, 18, 34), (2613,  0, 18, 34), (2632,  0, 18, 34),
   (2651,  0, 26, 34), (2678,  0, 19, 34), (2698,  0, 19, 34), (2718,  0, 19, 34),
   (2738,  0, 19, 34), (2758,  0, 19, 34), (2778,  0, 14, 34), (2793,  0, 16, 34),
   (2810,  0, 16, 34), (2827,  0, 16, 34), (2844,  0, 19, 34), (2864,  0, 18, 34),
   (2883,  0, 18, 34), (2902,  0, 18, 34), (2921,  0, 18, 34), (2940,  0, 18, 34),
   (2959,  0, 18, 34), (2978,  0, 21, 34), (3000,  0, 18, 34), (3019,  0, 19, 34),
   (3039,  0, 18, 34), (3058,  0, 18, 34), (3077,  0, 19, 34), (3097,  0, 18, 34));

Define OffsetList
 ( (-5, 0), (-4, 0), (-4, 0), (-4, 0), (-4, 0), (-4, 0), (-4, 0), (-4, 0),
   (-4, 0), (-5, 0), (-4, 0), (-4, 0), (-4, 0), (-4, 0), (-4, 0), (-4, 0),
   (-4, 0), (-4, 0), (-4, 0), (-5, 0), (-4, 0), (-5, 0), (-5, 0), (-5, 0),
   (-5, 0), (-5, 0), (-4, 0), (-4, 0), (-4, 0), (-4, 0), (-4, 0), (-4, 0),
   (-4, 0), (-4, 0), (-4, 0), (-5, 0), (-4, 0), (-4, 0), (-4, 0), (-4, 0),
   (-4, 0), (-4, 0), (-4, 0), (-4, 0), (-4, 0), (-4, 0), (-4, 0), (-5, 0),
   (-5, 0), (-5, 0), (-4, 0), (-5, 0), (-4, 0), ( 0, 0), (-4, 0), (-4, 0),
   (-4, 0), (-4, 0), (-4, 0), (-4, 0), (-4, 0), (-4, 0), (-5, 0), (-4, 0),
   (-4, 0), (-4, 0), (-5, 0), (-4, 0), (-4, 0), (-5, 0), (-4, 0), (-5, 0),
   (-4, 0), (-4, 0), (-5, 0), (-5, 0), (-4, 0), (-4, 0), (-4, 0), (-4, 0),
   (-4, 0), (-3, 0), (-4, 0), (-4, 0), (-4, 0), (-4, 0), (-5, 0), (-5, 0),
   (-5, 0), (-6, 0), (-5, 0), (-5, 0), (-4, 0), (-4, 0), (-5, 0), (-5, 0),
   (-5, 0), (-4, 0), (-4, 0), (-5, 0), (-5, 0), (-5, 0), (-5, 0), (-5, 0),
   (-5, 0), (-5, 0), (-5, 0), (-4, 0), (-4, 0), (-4, 0), (-4, 0), (-4, 0),
   (-5, 0), (-4, 0), (-5, 0), (-6, 0), (-5, 0), (-4, 0), (-4, 0), (-4, 0),
   (-4, 0), (-4, 0), (-4, 0), (-5, 0), (-4, 0), (-4, 0), (-4, 0), (-4, 0),
   (-5, 0), (-4, 0), (-4, 0), (-4, 0), (-4, 0), (-4, 0), (-4, 0), (-4, 0),
   (-4, 0), (-5, 0), (-4, 0), (-4, 0), (-4, 0), (-4, 0), (-5, 0), (-4, 0),
   (-5, 0), (-6, 0), (-4, 0), (-4, 0), (-4, 0), (-4, 0), (-4, 0), (-4, 0),
   (-4, 0), (-5, 0), (-4, 0), (-4, 0), (-4, 0), (-4, 0), (-4, 0), (-4, 0));

CreateLayer               Main;
LayerSetImage             Main 'ContinuumMedium14';
LayerSetAscent            Main 24;
LayerSetCharWidths        Main CharList WidthList;
LayerSetCharWidths        Main (' ') (5);
LayerSetImageMap          Main CharList RectList;
LayerSetCharOffsets       Main CharList OffsetList;
LayerSetAscentPadding     Main 5;
LayerSetLineSpacingOffset Main -16;
LayerSetPointSize         Main 14;

SetDefaultPointSize  14;
