Define CharList
 ( 'A', 'B', 'C', 'D', 'E', 'F', 'G', 'H', 'I', 'J', 'K', 'L', 'M', 'N', 'O', 'P',
   'Q', 'R', 'S', 'T', 'U', 'V', 'W', 'X', 'Y', 'Z', 'a', 'b', 'c', 'd', 'e', 'f',
   'g', 'h', 'i', 'j', 'k', 'l', 'm', 'n', 'o', 'p', 'q', 'r', 's', 't', 'u', 'v',
   'w', 'x', 'y', 'z', '0', '1', '2', '3', '4', '5', '6', '7', '8', '9', '~', '`',
   '!', '@', '#', '$', '%', '^', '&', '*', '(', ')', '-', '_', '=', '+', '[', '{',
   ']', '}', ';', ':',"'", '"', ',', '<', '.', '>', '/', '?');

Define WidthList
 (  15,  15,  13,  15,  14,  13,  15,  15,   5,   6,  14,  12,  20,  15,  15,  14,
    15,  15,  13,  10,  15,  14,  20,  15,  14,  12,  13,  13,  11,  13,  13,   6,
    13,  13,   5,   5,  13,   5,  17,  13,  14,  13,  13,   6,  12,   6,  13,  12,
    17,  12,  13,  13,  15,  15,  15,  15,  15,  15,  15,  15,  15,  15,  13,   8,
     6,  17,  14,  13,  17,  11,  17,   9,   6,   6,   8,  13,  16,  15,   6,   7,
     6,   7,   5,   5,   4,   7,   4,  12,   4,  11,  14,  12);

Define RectList
 ( (   0,  0, 34, 48), (  35,  0, 31, 48), (  67,  0, 30, 48), (  98,  0, 31, 48),
   ( 130,  0, 30, 48), ( 161,  0, 30, 48), ( 192,  0, 31, 48), ( 224,  0, 31, 48),
   ( 256,  0, 21, 48), ( 278,  0, 24, 48), ( 303,  0, 31, 48), ( 335,  0, 30, 48),
   ( 366,  0, 36, 48), ( 403,  0, 31, 48), ( 435,  0, 31, 48), ( 467,  0, 31, 48),
   ( 499,  0, 31, 48), ( 531,  0, 31, 48), ( 563,  0, 30, 48), ( 594,  0, 29, 48),
   ( 624,  0, 31, 48), ( 656,  0, 34, 48), ( 691,  0, 38, 48), ( 730,  0, 35, 48),
   ( 766,  0, 34, 48), ( 801,  0, 30, 48), ( 832,  0, 30, 48), ( 863,  0, 29, 48),
   ( 893,  0, 27, 48), ( 921,  0, 29, 48), ( 951,  0, 29, 48), ( 981,  0, 23, 48),
   (1005,  0, 29, 48), (1035,  0, 29, 48), (1065,  0, 21, 48), (1087,  0, 23, 48),
   (1111,  0, 30, 48), (1142,  0, 21, 48), (1164,  0, 33, 48), (1198,  0, 29, 48),
   (1228,  0, 30, 48), (1259,  0, 30, 48), (1290,  0, 30, 48), (1321,  0, 23, 48),
   (1345,  0, 28, 48), (1374,  0, 23, 48), (1398,  0, 29, 48), (1428,  0, 31, 48),
   (1460,  0, 36, 48), (1497,  0, 30, 48), (1528,  0, 29, 48), (1558,  0, 30, 48),
   (1589,  0, 31, 48), (1621,  0, 21, 48), (1643,  0, 30, 48), (1674,  0, 30, 48),
   (1705,  0, 29, 48), (1735,  0, 30, 48), (1766,  0, 31, 48), (1798,  0, 31, 48),
   (1830,  0, 31, 48), (1862,  0, 31, 48), (1894,  0, 31, 48), (1926,  0, 23, 48),
   (1950,  0, 22, 48), (1973,  0, 35, 48), (2009,  0, 32, 48), (2042,  0, 30, 48),
   (2073,  0, 35, 48), (2109,  0, 31, 48), (2141,  0, 35, 48), (2177,  0, 27, 48),
   (2205,  0, 23, 48), (2229,  0, 23, 48), (2253,  0, 25, 48), (2279,  0, 33, 48),
   (2313,  0, 31, 48), (2345,  0, 31, 48), (2377,  0, 23, 48), (2401,  0, 24, 48),
   (2426,  0, 23, 48), (2450,  0, 24, 48), (2475,  0, 22, 48), (2498,  0, 21, 48),
   (2520,  0, 21, 48), (2542,  0, 24, 48), (2567,  0, 21, 48), (2589,  0, 30, 48),
   (2620,  0, 21, 48), (2642,  0, 30, 48), (2673,  0, 31, 48), (2705,  0, 30, 48));

Define OffsetList
 ( (-10, 0), (-8, 0), (-8, 0), (-8, 0), (-8, 0), (-8, 0), (-8, 0), (-8, 0),
   (-8, 0), (-9, 0), (-8, 0), (-8, 0), (-8, 0), (-8, 0), (-8, 0), (-8, 0),
   (-8, 0), (-8, 0), (-9, 0), (-9, 0), (-8, 0), (-10, 0), (-9, 0), (-10, 0),
   (-10, 0), (-9, 0), (-8, 0), (-8, 0), (-8, 0), (-8, 0), (-8, 0), (-8, 0),
   (-8, 0), (-8, 0), (-8, 0), (-8, 0), (-8, 0), (-8, 0), (-8, 0), (-8, 0),
   (-8, 0), (-8, 0), (-8, 0), (-8, 0), (-8, 0), (-8, 0), (-8, 0), (-9, 0),
   (-9, 0), (-9, 0), (-8, 0), (-9, 0), (-8, 0), (-3, 0), (-7, 0), (-8, 0),
   (-7, 0), (-7, 0), (-8, 0), (-8, 0), (-8, 0), (-8, 0), (-9, 0), (-8, 0),
   (-8, 0), (-9, 0), (-9, 0), (-9, 0), (-9, 0), (-10, 0), (-9, 0), (-9, 0),
   (-8, 0), (-9, 0), (-9, 0), (-10, 0), (-8, 0), (-8, 0), (-8, 0), (-8, 0),
   (-9, 0), (-8, 0), (-9, 0), (-8, 0), (-8, 0), (-8, 0), (-9, 0), (-9, 0),
   (-8, 0), (-9, 0), (-9, 0), (-9, 0));

CreateLayer               Main;
LayerSetImage             Main 'ContinuumMedium18outline';
LayerSetAscent            Main 33;
LayerSetCharWidths        Main CharList WidthList;
LayerSetCharWidths        Main (' ') (7);
LayerSetImageMap          Main CharList RectList;
LayerSetCharOffsets       Main CharList OffsetList;
LayerSetAscentPadding     Main 9;
LayerSetLineSpacingOffset Main -9;
LayerSetPointSize         Main 18;

SetDefaultPointSize  18;
