Define CharList
 ( 'A', 'B', 'C', 'D', 'E', 'F', 'G', 'H', 'I', 'J', 'K', 'L', 'M', 'N', 'O', 'P',
   'Q', 'R', 'S', 'T', 'U', 'V', 'W', 'X', 'Y', 'Z', 'a', 'b', 'c', 'd', 'e', 'f',
   'g', 'h', 'i', 'j', 'k', 'l', 'm', 'n', 'o', 'p', 'q', 'r', 's', 't', 'u', 'v',
   'w', 'x', 'y', 'z', '0', '1', '2', '3', '4', '5', '6', '7', '8', '9', '~', '`',
   '!', '@', '#', '$', '%', '^', '&', '*', '(', ')', '-', '_', '=', '+', '[', '{',
   ']', '}', ';', ':',"'", '"', ',', '<', '.', '>', '/', '?', '¡', '¢', '£', '¥',
   '§', '©', '®', '¿', 'À', 'Á', 'Â', 'Ã', 'Ä', 'Å', 'Æ', 'Ç', 'È', 'É', 'Ê', 'Ë',
   'Ì', 'Í', 'Î', 'Ï', 'Ð', 'Ñ', 'Ò', 'Ó', 'Ô', 'Õ', 'Ö', 'Ø', 'Ù', 'Ú', 'Û', 'Ü',
   'Ý', 'ß', 'à', 'á', 'â', 'ã', 'ä', 'å', 'æ', 'ç', 'è', 'é', 'ê', 'ë', 'ì', 'í',
   'î', 'ï', 'ð', 'ñ', 'ò', 'ó', 'ô', 'õ', 'ö', 'ø', 'ù', 'ú', 'û', 'ü', 'ý', 'ÿ');

Define WidthList
 (  10,  10,   9,  10,   9,   9,  10,  10,   4,   4,   9,   8,  13,  10,  10,   9,
    10,  10,   9,   7,  10,  10,  13,  10,   9,   8,   9,   9,   7,   9,   9,   6,
     9,   9,   3,   3,   8,   3,  12,   9,   9,   9,   9,   4,   8,   5,   9,   8,
    12,   8,   9,   8,  10,  10,  10,  10,  10,  10,  10,  10,  10,  10,   9,   5,
     4,  11,  10,   9,  11,   8,  11,   6,   4,   4,   5,   9,  10,  10,   4,   5,
     4,   5,   3,   3,   3,   5,   3,   8,   3,   8,   9,   8,   4,   7,  10,   9,
     9,  13,  13,   8,  10,  10,  10,  10,  10,  10,  15,  12,   9,   9,   9,   9,
     5,   4,   4,   4,  12,  10,  10,  10,  10,  10,  10,  12,  10,  10,  10,  10,
     9,   9,   9,   9,   9,   9,   9,   9,  14,   8,   9,   9,   9,   9,   5,   4,
     4,   4,   9,   9,   9,   9,   9,   9,   9,  10,   9,   9,   9,   9,   9,   9);

Define RectList
 ( (   0,  0, 11, 20), (  12,  0,  9, 20), (  22,  0,  9, 20), (  32,  0,  9, 20),
   (  42,  0,  9, 20), (  52,  0,  9, 20), (  62,  0,  9, 20), (  72,  0,  9, 20),
   (  82,  0,  3, 20), (  86,  0,  4, 20), (  91,  0, 10, 20), ( 102,  0,  9, 20),
   ( 112,  0, 12, 20), ( 125,  0,  9, 20), ( 135,  0,  9, 20), ( 145,  0,  9, 20),
   ( 155,  0,  9, 20), ( 165,  0,  9, 20), ( 175,  0,  8, 20), ( 184,  0,  7, 20),
   ( 192,  0,  9, 20), ( 202,  0, 11, 20), ( 214,  0, 14, 20), ( 229,  0, 12, 20),
   ( 242,  0, 11, 20), ( 254,  0,  8, 20), ( 263,  0,  8, 20), ( 272,  0,  8, 20),
   ( 281,  0,  7, 20), ( 289,  0,  8, 20), ( 298,  0,  8, 20), ( 307,  0,  5, 20),
   ( 311,  0,  8, 20), ( 320,  0,  8, 20), ( 329,  0,  3, 20), ( 333,  0,  4, 20),
   ( 338,  0,  8, 20), ( 347,  0,  3, 20), ( 351,  0, 11, 20), ( 363,  0,  8, 20),
   ( 372,  0,  8, 20), ( 381,  0,  8, 20), ( 390,  0,  8, 20), ( 399,  0,  4, 20),
   ( 404,  0,  7, 20), ( 412,  0,  4, 20), ( 416,  0,  8, 20), ( 425,  0,  9, 20),
   ( 435,  0, 12, 20), ( 448,  0,  8, 20), ( 457,  0,  8, 20), ( 466,  0,  8, 20),
   ( 475,  0,  9, 20), ( 485,  0,  3, 20), ( 489,  0,  8, 20), ( 498,  0,  8, 20),
   ( 507,  0,  8, 20), ( 516,  0,  8, 20), ( 525,  0,  9, 20), ( 535,  0,  8, 20),
   ( 544,  0,  9, 20), ( 554,  0,  9, 20), ( 564,  0,  9, 20), ( 574,  0,  4, 20),
   ( 579,  0,  2, 20), ( 582,  0, 11, 20), ( 594,  0, 10, 20), ( 605,  0,  8, 20),
   ( 614,  0, 11, 20), ( 626,  0,  9, 20), ( 636,  0, 11, 20), ( 648,  0,  6, 20),
   ( 655,  0,  4, 20), ( 660,  0,  4, 20), ( 665,  0,  5, 20), ( 671,  0, 10, 20),
   ( 682,  0, 10, 20), ( 693,  0, 10, 20), ( 704,  0,  3, 20), ( 708,  0,  4, 20),
   ( 713,  0,  3, 20), ( 717,  0,  5, 20), ( 723,  0,  3, 20), ( 727,  0,  3, 20),
   ( 731,  0,  3, 20), ( 735,  0,  5, 20), ( 741,  0,  3, 20), ( 745,  0,  8, 20),
   ( 754,  0,  3, 20), ( 758,  0,  8, 20), ( 767,  0,  8, 20), ( 776,  0,  8, 20),
   ( 785,  0,  2, 20), ( 788,  0,  7, 20), ( 796,  0, 10, 20), ( 807,  0, 10, 20),
   ( 818,  0,  9, 20), ( 828,  0, 12, 20), ( 841,  0, 12, 20), ( 854,  0,  8, 20),
   ( 863,  0, 11, 20), ( 875,  0, 10, 20), ( 886,  0, 10, 20), ( 897,  0, 10, 20),
   ( 908,  0, 10, 20), ( 919,  0, 10, 20), ( 930,  0, 16, 20), ( 947,  0, 11, 20),
   ( 959,  0,  9, 20), ( 969,  0,  8, 20), ( 978,  0,  8, 20), ( 987,  0,  8, 20),
   ( 996,  0,  4, 20), (1001,  0,  3, 20), (1005,  0,  5, 20), (1011,  0,  5, 20),
   (1017,  0, 11, 20), (1029,  0,  8, 20), (1038,  0,  9, 20), (1048,  0,  8, 20),
   (1057,  0,  8, 20), (1066,  0,  8, 20), (1075,  0,  8, 20), (1084,  0, 12, 20),
   (1097,  0,  9, 20), (1107,  0,  8, 20), (1116,  0,  8, 20), (1125,  0,  8, 20),
   (1134,  0, 10, 20), (1145,  0,  8, 20), (1154,  0,  8, 20), (1163,  0,  7, 20),
   (1171,  0,  7, 20), (1179,  0,  7, 20), (1187,  0,  7, 20), (1195,  0,  7, 20),
   (1203,  0, 14, 20), (1218,  0,  8, 20), (1227,  0,  8, 20), (1236,  0,  7, 20),
   (1244,  0,  7, 20), (1252,  0,  7, 20), (1260,  0,  4, 20), (1265,  0,  4, 20),
   (1270,  0,  5, 20), (1276,  0,  5, 20), (1282,  0,  9, 20), (1292,  0,  7, 20),
   (1300,  0,  8, 20), (1309,  0,  7, 20), (1317,  0,  7, 20), (1325,  0,  7, 20),
   (1333,  0,  7, 20), (1341,  0, 10, 20), (1352,  0,  8, 20), (1361,  0,  7, 20),
   (1369,  0,  7, 20), (1377,  0,  7, 20), (1385,  0,  7, 20), (1393,  0,  7, 20));

Define OffsetList
 ( (-1, 0), ( 0, 0), ( 0, 0), ( 0, 0), ( 0, 0), ( 0, 0), ( 0, 0), ( 0, 0),
   ( 0, 0), ( 0, 0), ( 0, 0), ( 0, 0), ( 0, 0), ( 0, 0), ( 0, 0), ( 0, 0),
   ( 0, 0), ( 0, 0), ( 0, 0), ( 0, 0), ( 0, 0), (-1, 0), ( 0, 0), (-1, 0),
   (-1, 0), ( 0, 0), ( 0, 0), ( 0, 0), ( 0, 0), ( 0, 0), ( 0, 0), ( 0, 0),
   ( 0, 0), ( 0, 0), ( 0, 0), (-1, 0), ( 0, 0), ( 0, 0), ( 0, 0), ( 0, 0),
   ( 0, 0), ( 0, 0), ( 0, 0), ( 0, 0), ( 0, 0), ( 0, 0), ( 0, 0), ( 0, 0),
   ( 0, 0), ( 0, 0), ( 0, 0), ( 0, 0), ( 1, 0), ( 4, 0), ( 1, 0), ( 1, 0),
   ( 0, 0), ( 1, 0), ( 0, 0), ( 1, 0), ( 1, 0), ( 0, 0), ( 0, 0), ( 1, 0),
   ( 1, 0), ( 0, 0), ( 0, 0), ( 0, 0), ( 0, 0), (-1, 0), ( 0, 0), ( 0, 0),
   ( 0, 0), ( 0, 0), ( 0, 0), (-1, 0), ( 0, 0), ( 0, 0), ( 0, 0), ( 0, 0),
   ( 1, 0), ( 0, 0), ( 0, 0), ( 0, 0), ( 0, 0), ( 0, 0), ( 0, 0), ( 0, 0),
   ( 0, 0), ( 0, 0), ( 0, 0), ( 0, 0), ( 1, 0), ( 0, 0), ( 0, 0), (-1, 0),
   ( 0, 0), ( 0, 0), ( 0, 0), ( 0, 0), (-1, 0), ( 0, 0), ( 0, 0), ( 0, 0),
   ( 0, 0), ( 0, 0), (-1, 0), ( 0, 0), ( 0, 0), ( 1, 0), ( 1, 0), ( 1, 0),
   ( 1, 0), ( 1, 0), ( 0, 0), ( 0, 0), ( 0, 0), ( 1, 0), ( 0, 0), ( 1, 0),
   ( 1, 0), ( 1, 0), ( 1, 0), ( 0, 0), ( 0, 0), ( 1, 0), ( 1, 0), ( 1, 0),
   ( 0, 0), ( 1, 0), ( 0, 0), ( 1, 0), ( 1, 0), ( 1, 0), ( 1, 0), ( 1, 0),
   ( 0, 0), ( 0, 0), ( 0, 0), ( 1, 0), ( 1, 0), ( 1, 0), ( 1, 0), ( 0, 0),
   ( 0, 0), ( 0, 0), ( 0, 0), ( 1, 0), ( 0, 0), ( 1, 0), ( 1, 0), ( 1, 0),
   ( 1, 0), (-1, 0), ( 0, 0), ( 1, 0), ( 1, 0), ( 1, 0), ( 1, 0), ( 1, 0));

CreateLayer               Main;
LayerSetImage             Main 'ContinuumMedium12';
LayerSetAscent            Main 16;
LayerSetCharWidths        Main CharList WidthList;
LayerSetCharWidths        Main (' ') (5);
LayerSetImageMap          Main CharList RectList;
LayerSetCharOffsets       Main CharList OffsetList;
LayerSetAscentPadding     Main 0;
LayerSetLineSpacingOffset Main 0;
LayerSetPointSize         Main 12;

SetDefaultPointSize  12;
