Define CharList
 ( 'A', 'B', 'C', 'D', 'E', 'F', 'G', 'H', 'I', 'J', 'K', 'L', 'M', 'N', 'O', 'P',
   'Q', 'R', 'S', 'T', 'U', 'V', 'W', 'X', 'Y', 'Z', 'a', 'b', 'c', 'd', 'e', 'f',
   'g', 'h', 'i', 'j', 'k', 'l', 'm', 'n', 'o', 'p', 'q', 'r', 's', 't', 'u', 'v',
   'w', 'x', 'y', 'z', '0', '1', '2', '3', '4', '5', '6', '7', '8', '9', '~', '`',
   '!', '@', '#', '$', '%', '^', '&', '*', '(', ')', '-', '_', '=', '+', '[', '{',
   ']', '}', ';', ':',"'", '"', ',', '<', '.', '>', '/', '?', '¡', '¢', '£', '¥',
   '§', '©', '®', '¿', 'À', 'Á', 'Â', 'Ã', 'Ä', 'Å', 'Æ', 'Ç', 'È', 'É', 'Ê', 'Ë',
   'Ì', 'Í', 'Î', 'Ï', 'Ð', 'Ñ', 'Ò', 'Ó', 'Ô', 'Õ', 'Ö', 'Ø', 'Ù', 'Ú', 'Û', 'Ü',
   'Ý', 'ß', 'à', 'á', 'â', 'ã', 'ä', 'å', 'æ', 'ç', 'è', 'é', 'ê', 'ë', 'ì', 'í',
   'î', 'ï', 'ð', 'ñ', 'ò', 'ó', 'ô', 'õ', 'ö', 'ø', 'ù', 'ú', 'û', 'ü', 'ý', 'ÿ');

Define WidthList
 (  10,  11,   9,  11,  10,   9,  11,  11,   4,   5,  10,   9,  14,  10,  11,  10,
    11,  10,   9,   7,  11,  10,  14,  11,  10,   9,  10,   9,   8,   9,   9,   5,
    10,   9,   4,   4,   9,   4,  12,   9,  10,  10,  10,   4,   8,   5,   9,   9,
    12,   8,   9,   9,  11,  11,  11,  11,  11,  11,  11,  11,  11,  11,   9,   6,
     4,  12,  10,   9,  12,   8,  12,   7,   4,   4,   5,   9,  11,  11,   5,   5,
     5,   5,   4,   3,   3,   5,   3,   9,   3,   8,  10,   9,   4,   8,  10,   9,
     9,  13,  13,   9,  11,  11,  10,  11,  11,  11,  16,  12,  10,  10,  10,  10,
     5,   5,   5,   5,  12,  10,  11,  11,  11,  11,  11,  13,  11,  11,  11,  11,
    10,  10,   9,   9,   9,   9,   9,   9,  15,   9,   9,   9,   9,   9,   5,   5,
     5,   5,   9,   9,   9,   9,   9,   9,   9,  10,   9,   9,   9,   9,   9,  10);

Define RectList
 ( (   0,  0, 12, 21), (  13,  0, 10, 21), (  24,  0,  8, 21), (  33,  0, 10, 21),
   (  44,  0,  8, 21), (  53,  0,  8, 21), (  62,  0, 10, 21), (  73,  0, 10, 21),
   (  84,  0,  3, 21), (  88,  0,  3, 21), (  92,  0,  9, 21), ( 102,  0,  8, 21),
   ( 111,  0, 13, 21), ( 125,  0,  9, 21), ( 135,  0, 10, 21), ( 146,  0, 10, 21),
   ( 157,  0, 10, 21), ( 168,  0, 10, 21), ( 179,  0,  9, 21), ( 189,  0,  9, 21),
   ( 199,  0,  9, 21), ( 209,  0, 12, 21), ( 222,  0, 14, 21), ( 237,  0, 12, 21),
   ( 250,  0, 11, 21), ( 262,  0,  9, 21), ( 272,  0,  8, 21), ( 281,  0,  8, 21),
   ( 290,  0,  6, 21), ( 297,  0,  8, 21), ( 306,  0,  8, 21), ( 315,  0,  4, 21),
   ( 319,  0,  8, 21), ( 328,  0,  8, 21), ( 337,  0,  3, 21), ( 341,  0,  4, 21),
   ( 346,  0,  9, 21), ( 356,  0,  3, 21), ( 360,  0, 11, 21), ( 372,  0,  8, 21),
   ( 381,  0,  9, 21), ( 391,  0,  8, 21), ( 400,  0,  8, 21), ( 409,  0,  4, 21),
   ( 414,  0,  8, 21), ( 423,  0,  4, 21), ( 427,  0,  8, 21), ( 436,  0,  9, 21),
   ( 446,  0, 13, 21), ( 460,  0, 10, 21), ( 471,  0,  8, 21), ( 480,  0,  9, 21),
   ( 490,  0, 10, 21), ( 501,  0,  3, 21), ( 505,  0,  9, 21), ( 515,  0,  9, 21),
   ( 525,  0,  9, 21), ( 535,  0,  9, 21), ( 545,  0, 10, 21), ( 556,  0,  9, 21),
   ( 566,  0, 10, 21), ( 577,  0, 10, 21), ( 588,  0,  9, 21), ( 598,  0,  4, 21),
   ( 603,  0,  2, 21), ( 606,  0, 12, 21), ( 619,  0, 10, 21), ( 630,  0,  9, 21),
   ( 640,  0, 12, 21), ( 653,  0, 10, 21), ( 664,  0, 12, 21), ( 677,  0,  6, 21),
   ( 684,  0,  3, 21), ( 688,  0,  4, 21), ( 693,  0,  5, 21), ( 699,  0, 11, 21),
   ( 711,  0, 10, 21), ( 722,  0, 10, 21), ( 733,  0,  3, 21), ( 737,  0,  4, 21),
   ( 742,  0,  3, 21), ( 746,  0,  4, 21), ( 751,  0,  3, 21), ( 755,  0,  3, 21),
   ( 759,  0,  3, 21), ( 763,  0,  5, 21), ( 769,  0,  3, 21), ( 773,  0,  9, 21),
   ( 783,  0,  3, 21), ( 787,  0, 10, 21), ( 798,  0, 10, 21), ( 809,  0,  8, 21),
   ( 818,  0,  2, 21), ( 821,  0,  6, 21), ( 828,  0, 10, 21), ( 839,  0, 11, 21),
   ( 851,  0,  9, 21), ( 861,  0, 13, 21), ( 875,  0, 13, 21), ( 889,  0,  8, 21),
   ( 898,  0, 12, 21), ( 911,  0, 11, 21), ( 923,  0, 11, 21), ( 935,  0, 11, 21),
   ( 947,  0, 11, 21), ( 959,  0, 11, 21), ( 971,  0, 17, 21), ( 989,  0, 12, 21),
   (1002,  0,  8, 21), (1011,  0,  8, 21), (1020,  0,  8, 21), (1029,  0,  8, 21),
   (1038,  0,  4, 21), (1043,  0,  5, 21), (1049,  0,  5, 21), (1055,  0,  5, 21),
   (1061,  0, 11, 21), (1073,  0,  8, 21), (1082,  0, 10, 21), (1093,  0,  9, 21),
   (1103,  0,  9, 21), (1113,  0,  9, 21), (1123,  0,  9, 21), (1133,  0, 13, 21),
   (1147,  0,  9, 21), (1157,  0,  8, 21), (1166,  0,  8, 21), (1175,  0,  8, 21),
   (1184,  0, 11, 21), (1196,  0,  9, 21), (1206,  0,  8, 21), (1215,  0,  7, 21),
   (1223,  0,  7, 21), (1231,  0,  7, 21), (1239,  0,  7, 21), (1247,  0,  7, 21),
   (1255,  0, 15, 21), (1271,  0,  9, 21), (1281,  0,  8, 21), (1290,  0,  8, 21),
   (1299,  0,  8, 21), (1308,  0,  8, 21), (1317,  0,  4, 21), (1322,  0,  5, 21),
   (1328,  0,  5, 21), (1334,  0,  5, 21), (1340,  0,  9, 21), (1350,  0,  7, 21),
   (1358,  0,  9, 21), (1368,  0,  8, 21), (1377,  0,  8, 21), (1386,  0,  8, 21),
   (1395,  0,  8, 21), (1404,  0, 11, 21), (1416,  0,  8, 21), (1425,  0,  7, 21),
   (1433,  0,  7, 21), (1441,  0,  7, 21), (1449,  0,  7, 21), (1457,  0,  7, 21));

Define OffsetList
 ( (-1, 0), ( 1, 0), ( 1, 0), ( 1, 0), ( 1, 0), ( 1, 0), ( 1, 0), ( 1, 0),
   ( 1, 0), ( 1, 0), ( 1, 0), ( 1, 0), ( 1, 0), ( 1, 0), ( 1, 0), ( 1, 0),
   ( 1, 0), ( 1, 0), ( 0, 0), ( 0, 0), ( 1, 0), (-1, 0), ( 0, 0), (-1, 0),
   (-1, 0), ( 0, 0), ( 1, 0), ( 1, 0), ( 1, 0), ( 1, 0), ( 1, 0), ( 1, 0),
   ( 1, 0), ( 1, 0), ( 0, 0), (-1, 0), ( 1, 0), ( 1, 0), ( 1, 0), ( 1, 0),
   ( 1, 0), ( 1, 0), ( 1, 0), ( 1, 0), ( 0, 0), ( 1, 0), ( 1, 0), ( 0, 0),
   ( 0, 0), (-1, 0), ( 1, 0), ( 0, 0), ( 1, 0), ( 4, 0), ( 1, 0), ( 1, 0),
   ( 0, 0), ( 1, 0), ( 1, 0), ( 1, 0), ( 1, 0), ( 1, 0), ( 0, 0), ( 1, 0),
   ( 1, 0), ( 0, 0), ( 0, 0), ( 0, 0), ( 0, 0), (-1, 0), ( 0, 0), ( 0, 0),
   ( 1, 0), ( 0, 0), ( 0, 0), (-1, 0), ( 0, 0), ( 0, 0), ( 1, 0), ( 0, 0),
   ( 1, 0), ( 1, 0), ( 0, 0), ( 0, 0), ( 0, 0), ( 0, 0), ( 0, 0), ( 0, 0),
   ( 0, 0), (-1, 0), ( 0, 0), ( 0, 0), ( 1, 0), ( 1, 0), ( 0, 0), (-1, 0),
   ( 0, 0), ( 0, 0), ( 0, 0), ( 0, 0), (-1, 0), ( 0, 0), ( 0, 0), ( 0, 0),
   ( 0, 0), ( 0, 0), (-1, 0), ( 0, 0), ( 1, 0), ( 1, 0), ( 1, 0), ( 1, 0),
   ( 1, 0), ( 1, 0), ( 0, 0), ( 0, 0), ( 0, 0), ( 1, 0), ( 1, 0), ( 1, 0),
   ( 1, 0), ( 1, 0), ( 1, 0), ( 0, 0), ( 1, 0), ( 1, 0), ( 1, 0), ( 1, 0),
   ( 0, 0), ( 1, 0), ( 1, 0), ( 1, 0), ( 1, 0), ( 1, 0), ( 1, 0), ( 1, 0),
   ( 0, 0), ( 0, 0), ( 1, 0), ( 1, 0), ( 1, 0), ( 1, 0), ( 1, 0), ( 1, 0),
   ( 0, 0), (-1, 0), ( 0, 0), ( 1, 0), ( 1, 0), ( 1, 0), ( 1, 0), ( 1, 0),
   ( 1, 0), (-1, 0), ( 1, 0), ( 1, 0), ( 1, 0), ( 1, 0), ( 1, 0), ( 1, 0));

CreateLayer               Main;
LayerSetImage             Main 'ContinuumMedium13';
LayerSetAscent            Main 17;
LayerSetCharWidths        Main CharList WidthList;
LayerSetCharWidths        Main (' ') (5);
LayerSetImageMap          Main CharList RectList;
LayerSetCharOffsets       Main CharList OffsetList;
LayerSetAscentPadding     Main 0;
LayerSetLineSpacingOffset Main 0;
LayerSetPointSize         Main 13;

SetDefaultPointSize  13;
