Define CharList
 ( 'A', 'B', 'C', 'D', 'E', 'F', 'G', 'H', 'I', 'J', 'K', 'L', 'M', 'N', 'O', 'P',
   'Q', 'R', 'S', 'T', 'U', 'V', 'W', 'X', 'Y', 'Z', 'a', 'b', 'c', 'd', 'e', 'f',
   'g', 'h', 'i', 'j', 'k', 'l', 'm', 'n', 'o', 'p', 'q', 'r', 's', 't', 'u', 'v',
   'w', 'x', 'y', 'z', '0', '1', '2', '3', '4', '5', '6', '7', '8', '9', '~', '`',
   '!', '@', '#', '$', '%', '^', '&', '*', '(', ')', '-', '_', '=', '+', '[', '{',
   ']', '}', ';', ':',"'", '"', ',', '<', '.', '>', '/', '?', '¡', '¢', '£', '¥',
   '§', '©', '®', '¿', 'À', 'Á', 'Â', 'Ã', 'Ä', 'Å', 'Æ', 'Ç', 'È', 'É', 'Ê', 'Ë',
   'Ì', 'Í', 'Î', 'Ï', 'Ð', 'Ñ', 'Ò', 'Ó', 'Ô', 'Õ', 'Ö', 'Ø', 'Ù', 'Ú', 'Û', 'Ü',
   'Ý', 'ß', 'à', 'á', 'â', 'ã', 'ä', 'å', 'æ', 'ç', 'è', 'é', 'ê', 'ë', 'ì', 'í',
   'î', 'ï', 'ð', 'ñ', 'ò', 'ó', 'ô', 'õ', 'ö', 'ø', 'ù', 'ú', 'û', 'ü', 'ý', 'ÿ');

Define WidthList
 (  22,  21,  19,  21,  19,  18,  21,  21,   8,  11,  19,  18,  28,  21,  20,  20,
    21,  20,  18,  17,  21,  21,  29,  21,  21,  19,  19,  19,  15,  19,  18,  10,
    19,  18,   8,   8,  18,   8,  26,  18,  19,  19,  19,  10,  17,  10,  18,  18,
    25,  17,  18,  18,  21,  21,  21,  21,  21,  21,  21,  21,  21,  21,  20,  12,
     9,  25,  24,  18,  31,  20,   0,  15,  10,  10,  11,  19,  23,  21,   9,  12,
     9,  12,   9,   9,   7,  12,   8,  19,   8,  19,  20,  18,   9,  15,  23,  25,
    18,  26,  26,  18,  22,  22,  22,  22,  22,  22,  42,  23,  19,  19,  19,  19,
     9,  10,  10,  10,  25,  21,  21,  20,  21,  20,  20,  29,  21,  21,  21,  21,
    21,  21,  21,  19,  18,  18,  18,  21,  32,  19,  18,  18,  18,  19,   8,   8,
     8,   8,  21,  20,  23,  23,  23,  23,  23,  23,  20,  20,  20,  20,  18,  18);

Define RectList
 ( (   0,  0, 24, 44), (  25,  0, 20, 44), (  46,  0, 18, 44), (  65,  0, 20, 44),
   (  86,  0, 18, 44), ( 105,  0, 18, 44), ( 124,  0, 20, 44), ( 145,  0, 20, 44),
   ( 166,  0,  7, 44), ( 174,  0, 11, 44), ( 186,  0, 20, 44), ( 207,  0, 18, 44),
   ( 226,  0, 27, 44), ( 254,  0, 20, 44), ( 275,  0, 19, 44), ( 295,  0, 20, 44),
   ( 316,  0, 19, 44), ( 336,  0, 19, 44), ( 356,  0, 18, 44), ( 375,  0, 17, 44),
   ( 393,  0, 20, 44), ( 414,  0, 24, 44), ( 439,  0, 30, 44), ( 470,  0, 24, 44),
   ( 495,  0, 24, 44), ( 520,  0, 19, 44), ( 540,  0, 17, 44), ( 558,  0, 17, 44),
   ( 576,  0, 15, 44), ( 592,  0, 17, 44), ( 610,  0, 18, 44), ( 629,  0, 10, 44),
   ( 640,  0, 18, 44), ( 659,  0, 17, 44), ( 677,  0,  7, 44), ( 685,  0, 10, 44),
   ( 696,  0, 18, 44), ( 715,  0,  7, 44), ( 723,  0, 25, 44), ( 749,  0, 17, 44),
   ( 767,  0, 18, 44), ( 786,  0, 17, 44), ( 804,  0, 17, 44), ( 822,  0, 10, 44),
   ( 833,  0, 16, 44), ( 850,  0, 10, 44), ( 861,  0, 17, 44), ( 879,  0, 21, 44),
   ( 901,  0, 26, 44), ( 928,  0, 19, 44), ( 948,  0, 17, 44), ( 966,  0, 19, 44),
   ( 986,  0, 19, 44), (1006,  0,  7, 44), (1014,  0, 18, 44), (1033,  0, 18, 44),
   (1052,  0, 19, 44), (1072,  0, 18, 44), (1091,  0, 19, 44), (1111,  0, 19, 44),
   (1131,  0, 19, 44), (1151,  0, 19, 44), (1171,  0, 18, 44), (1190,  0, 11, 44),
   (1202,  0,  8, 44), (1211,  0, 25, 44), (1237,  0, 25, 44), (1263,  0, 18, 44),
   (1282,  0, 32, 44), (1315,  0, 18, 44), (1334,  0, 24, 44), (1359,  0, 15, 44),
   (1375,  0, 10, 44), (1386,  0, 10, 44), (1397,  0, 11, 44), (1409,  0, 21, 44),
   (1431,  0, 23, 44), (1455,  0, 21, 44), (1477,  0,  8, 44), (1486,  0, 11, 44),
   (1498,  0,  8, 44), (1507,  0, 11, 44), (1519,  0,  8, 44), (1528,  0,  8, 44),
   (1537,  0,  7, 44), (1545,  0, 12, 44), (1558,  0,  9, 44), (1568,  0, 21, 44),
   (1590,  0,  7, 44), (1598,  0, 21, 44), (1620,  0, 22, 44), (1643,  0, 18, 44),
   (1662,  0,  8, 44), (1671,  0, 15, 44), (1687,  0, 23, 44), (1711,  0, 29, 44),
   (1741,  0, 18, 44), (1760,  0, 26, 44), (1787,  0, 27, 44), (1815,  0, 18, 44),
   (1834,  0, 24, 44), (1859,  0, 24, 44), (1884,  0, 24, 44), (1909,  0, 24, 44),
   (1934,  0, 24, 44), (1959,  0, 24, 44), (1984,  0, 45, 44), (2030,  0, 23, 44),
   (2054,  0, 18, 44), (2073,  0, 18, 44), (2092,  0, 18, 44), (2111,  0, 18, 44),
   (2130,  0, 11, 44), (2142,  0, 11, 44), (2154,  0, 15, 44), (2170,  0, 14, 44),
   (2185,  0, 26, 44), (2212,  0, 20, 44), (2233,  0, 19, 44), (2253,  0, 19, 44),
   (2273,  0, 19, 44), (2293,  0, 20, 44), (2314,  0, 19, 44), (2334,  0, 29, 44),
   (2364,  0, 20, 44), (2385,  0, 20, 44), (2406,  0, 20, 44), (2427,  0, 20, 44),
   (2448,  0, 24, 44), (2473,  0, 20, 44), (2494,  0, 17, 44), (2512,  0, 17, 44),
   (2530,  0, 17, 44), (2548,  0, 17, 44), (2566,  0, 17, 44), (2584,  0, 20, 44),
   (2605,  0, 32, 44), (2638,  0, 19, 44), (2658,  0, 18, 44), (2677,  0, 18, 44),
   (2696,  0, 18, 44), (2715,  0, 18, 44), (2734,  0,  7, 44), (2742,  0, 11, 44),
   (2754,  0, 15, 44), (2770,  0, 14, 44), (2785,  0, 21, 44), (2807,  0, 18, 44),
   (2826,  0, 18, 44), (2845,  0, 18, 44), (2864,  0, 19, 44), (2884,  0, 20, 44),
   (2905,  0, 18, 44), (2924,  0, 24, 44), (2949,  0, 17, 44), (2967,  0, 17, 44),
   (2985,  0, 18, 44), (3004,  0, 17, 44), (3022,  0, 17, 44), (3040,  0, 17, 44));

Define OffsetList
 ( (-1, 0), ( 0, 0), ( 0, 0), ( 0, 0), ( 0, 0), ( 0, 0), ( 0, 0), ( 0, 0),
   ( 0, 0), ( 0, 0), ( 0, 0), ( 0, 0), ( 0, 0), ( 0, 0), ( 0, 0), ( 0, 0),
   ( 1, 0), ( 0, 0), ( 0, 0), ( 0, 0), ( 0, 0), (-1, 0), (-1, 0), (-1, 0),
   (-1, 0), ( 0, 0), ( 1, 0), ( 1, 0), ( 0, 0), ( 1, 0), ( 0, 0), ( 0, 0),
   ( 0, 0), ( 0, 0), ( 0, 0), (-1, 0), ( 0, 0), ( 0, 0), ( 0, 0), ( 0, 0),
   ( 0, 0), ( 1, 0), ( 1, 0), ( 0, 0), ( 0, 0), ( 0, 0), ( 0, 0), (-1, 0),
   (-1, 0), (-1, 0), ( 0, 0), ( 0, 0), ( 1, 0), ( 7, 0), ( 1, 0), ( 1, 0),
   ( 1, 0), ( 1, 0), ( 1, 0), ( 1, 0), ( 1, 0), ( 1, 0), ( 1, 0), (-1, 0),
   ( 1, 0), ( 0, 0), ( 0, 0), ( 0, 0), ( 0, 0), ( 1, 0), ( 0, 0), ( 0, 0),
   ( 0, 0), ( 0, 0), ( 0, 0), (-1, 0), ( 0, 0), ( 0, 0), ( 0, 0), ( 0, 0),
   ( 0, 0), ( 0, 0), ( 0, 0), ( 0, 0), ( 0, 0), ( 0, 0), (-1, 0), (-1, 0),
   ( 0, 0), ( 0, 0), (-1, 0), ( 0, 0), ( 1, 0), ( 0, 0), ( 0, 0), (-2, 0),
   ( 0, 0), ( 0, 0), ( 0, 0), ( 0, 0), (-1, 0), (-1, 0), (-1, 0), (-1, 0),
   (-1, 0), (-1, 0), (-2, 0), ( 0, 0), ( 0, 0), ( 0, 0), ( 0, 0), ( 0, 0),
   (-1, 0), ( 0, 0), (-2, 0), (-2, 0), (-1, 0), ( 0, 0), ( 1, 0), ( 0, 0),
   ( 0, 0), ( 0, 0), ( 0, 0), ( 0, 0), ( 0, 0), ( 0, 0), ( 0, 0), ( 0, 0),
   (-1, 0), ( 0, 0), ( 1, 0), ( 1, 0), ( 1, 0), ( 1, 0), ( 1, 0), ( 0, 0),
   ( 0, 0), ( 0, 0), ( 0, 0), ( 0, 0), ( 0, 0), ( 0, 0), ( 1, 0), (-2, 0),
   (-3, 0), (-3, 0), ( 0, 0), ( 0, 0), ( 0, 0), ( 0, 0), ( 0, 0), ( 0, 0),
   ( 0, 0), ( 0, 0), ( 0, 0), ( 0, 0), ( 0, 0), ( 0, 0), ( 0, 0), ( 0, 0));

CreateLayer               Main;
LayerSetImage             Main 'ContinuumBold26';
LayerSetAscent            Main 36;
LayerSetCharWidths        Main CharList WidthList;
LayerSetCharWidths        Main (' ') (10);
LayerSetImageMap          Main CharList RectList;
LayerSetCharOffsets       Main CharList OffsetList;
LayerSetAscentPadding     Main 0;
LayerSetLineSpacingOffset Main -1;
LayerSetPointSize         Main 26;

SetDefaultPointSize  26;
