Define CharList
 ( 'A', 'B', 'C', 'D', 'E', 'F', 'G', 'H', 'I', 'J', 'K', 'L', 'M', 'N', 'O', 'P',
   'Q', 'R', 'S', 'T', 'U', 'V', 'W', 'X', 'Y', 'Z', 'a', 'b', 'c', 'd', 'e', 'f',
   'g', 'h', 'i', 'j', 'k', 'l', 'm', 'n', 'o', 'p', 'q', 'r', 's', 't', 'u', 'v',
   'w', 'x', 'y', 'z', '0', '1', '2', '3', '4', '5', '6', '7', '8', '9', '~', '`',
   '!', '@', '#', '$', '%', '^', '&', '*', '(', ')', '-', '_', '=', '+', '[', '{',
   ']', '}', ';', ':',"'", '"', ',', '<', '.', '>', '/', '?', '¡', '¢', '£', '¥',
   '§', '©', '®', '¿', 'À', 'Á', 'Â', 'Ã', 'Ä', 'Å', 'Æ', 'Ç', 'È', 'É', 'Ê', 'Ë',
   'Ì', 'Í', 'Î', 'Ï', 'Ð', 'Ñ', 'Ò', 'Ó', 'Ô', 'Õ', 'Ö', 'Ø', 'Ù', 'Ú', 'Û', 'Ü',
   'Ý', 'ß', 'à', 'á', 'â', 'ã', 'ä', 'å', 'æ', 'ç', 'è', 'é', 'ê', 'ë', 'ì', 'í',
   'î', 'ï', 'ð', 'ñ', 'ò', 'ó', 'ô', 'õ', 'ö', 'ø', 'ù', 'ú', 'û', 'ü', 'ý', 'ÿ');

Define WidthList
 (  11,  11,  10,  11,  10,  10,  11,  11,   5,   5,  10,   9,  14,  11,  11,  10,
    11,  11,  10,   8,  11,  11,  14,  11,  10,   9,  10,  10,   8,  10,  10,   5,
    10,  10,   4,   4,   9,   4,  13,  10,  10,  10,  10,   5,   9,   6,  10,   9,
    13,   9,  10,   9,  11,  11,  11,  11,  11,  11,  11,  11,  11,  11,  10,   6,
     5,  12,  11,  10,  12,   9,   0,   7,   5,   5,   6,  10,  11,  11,   5,   6,
     5,   6,   4,   4,   4,   6,   4,   9,   4,   9,  10,   9,   5,   8,  11,  10,
    10,  14,  14,   9,  11,  11,  11,  11,  11,  11,  16,  13,  10,  10,  10,  10,
     6,   5,   5,   5,  13,  11,  11,  11,  11,  11,  11,  13,  11,  11,  11,  11,
    10,  10,  10,  10,  10,  10,  10,  10,  15,   9,  10,  10,  10,  10,   6,   5,
     5,   5,  10,  10,  10,  10,  10,  10,  10,  11,  10,  10,  10,  10,  10,  10);

Define RectList
 ( (   0,  0, 19, 28), (  20,  0, 17, 28), (  38,  0, 16, 28), (  55,  0, 17, 28),
   (  73,  0, 16, 28), (  90,  0, 16, 28), ( 107,  0, 17, 28), ( 125,  0, 17, 28),
   ( 143,  0, 11, 28), ( 155,  0, 12, 28), ( 168,  0, 17, 28), ( 186,  0, 16, 28),
   ( 203,  0, 20, 28), ( 224,  0, 17, 28), ( 242,  0, 17, 28), ( 260,  0, 17, 28),
   ( 278,  0, 17, 28), ( 296,  0, 17, 28), ( 314,  0, 16, 28), ( 331,  0, 15, 28),
   ( 347,  0, 17, 28), ( 365,  0, 19, 28), ( 385,  0, 22, 28), ( 408,  0, 20, 28),
   ( 429,  0, 19, 28), ( 449,  0, 16, 28), ( 466,  0, 16, 28), ( 483,  0, 16, 28),
   ( 500,  0, 15, 28), ( 516,  0, 16, 28), ( 533,  0, 16, 28), ( 550,  0, 11, 28),
   ( 562,  0, 16, 28), ( 579,  0, 16, 28), ( 596,  0, 11, 28), ( 608,  0, 12, 28),
   ( 621,  0, 16, 28), ( 638,  0, 11, 28), ( 650,  0, 19, 28), ( 670,  0, 16, 28),
   ( 687,  0, 16, 28), ( 704,  0, 16, 28), ( 721,  0, 16, 28), ( 738,  0, 12, 28),
   ( 751,  0, 15, 28), ( 767,  0, 11, 28), ( 779,  0, 16, 28), ( 796,  0, 17, 28),
   ( 814,  0, 20, 28), ( 835,  0, 17, 28), ( 853,  0, 16, 28), ( 870,  0, 16, 28),
   ( 887,  0, 17, 28), ( 905,  0, 11, 28), ( 917,  0, 16, 28), ( 934,  0, 16, 28),
   ( 951,  0, 16, 28), ( 968,  0, 16, 28), ( 985,  0, 17, 28), (1003,  0, 16, 28),
   (1020,  0, 17, 28), (1038,  0, 17, 28), (1056,  0, 17, 28), (1074,  0, 12, 28),
   (1087,  0, 11, 28), (1099,  0, 19, 28), (1119,  0, 18, 28), (1138,  0, 16, 28),
   (1155,  0, 19, 28), (1175,  0, 17, 28), (1193,  0, 19, 28), (1213,  0, 14, 28),
   (1228,  0, 12, 28), (1241,  0, 12, 28), (1254,  0, 13, 28), (1268,  0, 18, 28),
   (1287,  0, 17, 28), (1305,  0, 17, 28), (1323,  0, 11, 28), (1335,  0, 12, 28),
   (1348,  0, 11, 28), (1360,  0, 12, 28), (1373,  0, 11, 28), (1385,  0, 11, 28),
   (1397,  0, 11, 28), (1409,  0, 12, 28), (1422,  0, 11, 28), (1434,  0, 17, 28),
   (1452,  0, 11, 28), (1464,  0, 17, 28), (1482,  0, 16, 28), (1499,  0, 16, 28),
   (1516,  0, 11, 28), (1528,  0, 15, 28), (1544,  0, 18, 28), (1563,  0, 18, 28),
   (1582,  0, 17, 28), (1600,  0, 20, 28), (1621,  0, 20, 28), (1642,  0, 16, 28),
   (1659,  0, 19, 28), (1679,  0, 19, 28), (1699,  0, 19, 28), (1719,  0, 19, 28),
   (1739,  0, 19, 28), (1759,  0, 19, 28), (1779,  0, 24, 28), (1804,  0, 19, 28),
   (1824,  0, 16, 28), (1841,  0, 16, 28), (1858,  0, 16, 28), (1875,  0, 16, 28),
   (1892,  0, 12, 28), (1905,  0, 12, 28), (1918,  0, 13, 28), (1932,  0, 14, 28),
   (1947,  0, 20, 28), (1968,  0, 17, 28), (1986,  0, 17, 28), (2004,  0, 17, 28),
   (2022,  0, 17, 28), (2040,  0, 17, 28), (2058,  0, 17, 28), (2076,  0, 21, 28),
   (2098,  0, 17, 28), (2116,  0, 17, 28), (2134,  0, 17, 28), (2152,  0, 17, 28),
   (2170,  0, 19, 28), (2190,  0, 16, 28), (2207,  0, 16, 28), (2224,  0, 16, 28),
   (2241,  0, 16, 28), (2258,  0, 16, 28), (2275,  0, 16, 28), (2292,  0, 16, 28),
   (2309,  0, 22, 28), (2332,  0, 16, 28), (2349,  0, 16, 28), (2366,  0, 16, 28),
   (2383,  0, 16, 28), (2400,  0, 16, 28), (2417,  0, 12, 28), (2430,  0, 13, 28),
   (2444,  0, 13, 28), (2458,  0, 14, 28), (2473,  0, 17, 28), (2491,  0, 16, 28),
   (2508,  0, 16, 28), (2525,  0, 16, 28), (2542,  0, 16, 28), (2559,  0, 16, 28),
   (2576,  0, 16, 28), (2593,  0, 18, 28), (2612,  0, 16, 28), (2629,  0, 16, 28),
   (2646,  0, 16, 28), (2663,  0, 16, 28), (2680,  0, 16, 28), (2697,  0, 16, 28));

Define OffsetList
 ( (-4, 0), (-3, 0), (-3, 0), (-3, 0), (-3, 0), (-3, 0), (-3, 0), (-3, 0),
   (-3, 0), (-4, 0), (-3, 0), (-3, 0), (-3, 0), (-3, 0), (-3, 0), (-3, 0),
   (-3, 0), (-3, 0), (-3, 0), (-4, 0), (-3, 0), (-4, 0), (-4, 0), (-4, 0),
   (-4, 0), (-4, 0), (-3, 0), (-3, 0), (-3, 0), (-3, 0), (-3, 0), (-3, 0),
   (-3, 0), (-3, 0), (-4, 0), (-4, 0), (-3, 0), (-3, 0), (-3, 0), (-3, 0),
   (-3, 0), (-3, 0), (-3, 0), (-3, 0), (-3, 0), (-3, 0), (-3, 0), (-4, 0),
   (-4, 0), (-4, 0), (-3, 0), (-4, 0), (-3, 0), ( 0, 0), (-3, 0), (-3, 0),
   (-3, 0), (-3, 0), (-3, 0), (-3, 0), (-3, 0), (-3, 0), (-4, 0), (-3, 0),
   (-3, 0), (-4, 0), (-4, 0), (-3, 0), (-4, 0), (-4, 0), (-4, 0), (-4, 0),
   (-3, 0), (-4, 0), (-4, 0), (-4, 0), (-3, 0), (-3, 0), (-3, 0), (-3, 0),
   (-3, 0), (-3, 0), (-4, 0), (-4, 0), (-3, 0), (-3, 0), (-4, 0), (-4, 0),
   (-4, 0), (-4, 0), (-3, 0), (-4, 0), (-3, 0), (-3, 0), (-4, 0), (-4, 0),
   (-4, 0), (-3, 0), (-3, 0), (-4, 0), (-4, 0), (-4, 0), (-4, 0), (-4, 0),
   (-4, 0), (-4, 0), (-4, 0), (-3, 0), (-3, 0), (-3, 0), (-3, 0), (-3, 0),
   (-3, 0), (-3, 0), (-4, 0), (-4, 0), (-4, 0), (-3, 0), (-3, 0), (-3, 0),
   (-3, 0), (-3, 0), (-3, 0), (-5, 0), (-3, 0), (-3, 0), (-3, 0), (-3, 0),
   (-4, 0), (-3, 0), (-3, 0), (-3, 0), (-3, 0), (-3, 0), (-3, 0), (-3, 0),
   (-4, 0), (-4, 0), (-3, 0), (-3, 0), (-3, 0), (-3, 0), (-3, 0), (-4, 0),
   (-4, 0), (-4, 0), (-4, 0), (-3, 0), (-3, 0), (-3, 0), (-3, 0), (-3, 0),
   (-3, 0), (-4, 0), (-3, 0), (-3, 0), (-3, 0), (-3, 0), (-3, 0), (-3, 0));

CreateLayer               Main;
LayerSetImage             Main 'ContinuumMedium12outline';
LayerSetAscent            Main 20;
LayerSetCharWidths        Main CharList WidthList;
LayerSetCharWidths        Main (' ') (6);
LayerSetImageMap          Main CharList RectList;
LayerSetCharOffsets       Main CharList OffsetList;
LayerSetAscentPadding     Main 4;
LayerSetLineSpacingOffset Main -4;
LayerSetPointSize         Main 12;

SetDefaultPointSize  12;
