Define CharList
 ( 'A', 'B', 'C', 'D', 'E', 'F', 'G', 'H', 'I', 'J', 'K', 'L', 'M', 'N', 'O', 'P',
   'Q', 'R', 'S', 'T', 'U', 'V', 'W', 'X', 'Y', 'Z', 'a', 'b', 'c', 'd', 'e', 'f',
   'g', 'h', 'i', 'j', 'k', 'l', 'm', 'n', 'o', 'p', 'q', 'r', 's', 't', 'u', 'v',
   'w', 'x', 'y', 'z', '0', '1', '2', '3', '4', '5', '6', '7', '8', '9', '~', '`',
   '!', '@', '#', '$', '%', '^', '&', '*', '(', ')', '-', '_', '=', '+', '[', '{',
   ']', '}', ';', ':',"'", '"', ',', '<', '.', '>', '/', '?', '¡', '¢', '£', '¥',
   '§', '©', '®', '¿', 'À', 'Á', 'Â', 'Ã', 'Ä', 'Å', 'Æ', 'Ç', 'È', 'É', 'Ê', 'Ë',
   'Ì', 'Í', 'Î', 'Ï', 'Ð', 'Ñ', 'Ò', 'Ó', 'Ô', 'Õ', 'Ö', 'Ø', 'Ù', 'Ú', 'Û', 'Ü',
   'Ý', 'ß', 'à', 'á', 'â', 'ã', 'ä', 'å', 'æ', 'ç', 'è', 'é', 'ê', 'ë', 'ì', 'í',
   'î', 'ï', 'ð', 'ñ', 'ò', 'ó', 'ô', 'õ', 'ö', 'ø', 'ù', 'ú', 'û', 'ü', 'ý', 'ÿ');

Define WidthList
 (  27,  27,  25,  28,  25,  24,  27,  28,  10,  12,  25,  23,  36,  27,  28,  26,
    27,  27,  24,  18,  27,  27,  36,  28,  25,  23,  25,  24,  20,  24,  24,  11,
    25,  25,   9,   9,  23,   9,  32,  24,  25,  25,  25,  11,  21,  10,  24,  22,
    32,  22,  24,  23,  28,  28,  28,  28,  28,  28,  28,  28,  28,  28,  24,  15,
    11,  32,  26,  24,  31,  21,   0,  17,  11,  11,  14,  24,  28,  28,  12,  14,
    12,  14,   9,   9,   8,  13,   8,  23,   8,  21,  25,  22,  11,  20,  26,  23,
    23,  35,  35,  22,  27,  27,  27,  27,  27,  27,  41,  32,  26,  26,  26,  26,
    13,  12,  12,  12,  32,  27,  28,  28,  28,  27,  27,  34,  28,  28,  27,  27,
    26,  25,  24,  24,  24,  24,  24,  24,  39,  22,  24,  24,  24,  24,  13,  12,
    12,  12,  24,  24,  24,  24,  24,  24,  24,  27,  24,  24,  24,  24,  24,  25);

Define RectList
 ( (   0,  0, 52, 79), (  53,  0, 46, 79), ( 100,  0, 44, 79), ( 145,  0, 46, 79),
   ( 192,  0, 45, 79), ( 238,  0, 45, 79), ( 284,  0, 46, 79), ( 331,  0, 46, 79),
   ( 378,  0, 28, 79), ( 407,  0, 33, 79), ( 441,  0, 47, 79), ( 489,  0, 44, 79),
   ( 534,  0, 55, 79), ( 590,  0, 46, 79), ( 637,  0, 46, 79), ( 684,  0, 46, 79),
   ( 731,  0, 46, 79), ( 778,  0, 46, 79), ( 825,  0, 44, 79), ( 870,  0, 42, 79),
   ( 913,  0, 46, 79), ( 960,  0, 52, 79), (1013,  0, 60, 79), (1074,  0, 53, 79),
   (1128,  0, 51, 79), (1180,  0, 45, 79), (1226,  0, 43, 79), (1270,  0, 43, 79),
   (1314,  0, 40, 79), (1355,  0, 43, 79), (1399,  0, 44, 79), (1444,  0, 32, 79),
   (1477,  0, 43, 79), (1521,  0, 43, 79), (1565,  0, 29, 79), (1595,  0, 32, 79),
   (1628,  0, 44, 79), (1673,  0, 28, 79), (1702,  0, 50, 79), (1753,  0, 43, 79),
   (1797,  0, 43, 79), (1841,  0, 43, 79), (1885,  0, 43, 79), (1929,  0, 32, 79),
   (1962,  0, 41, 79), (2004,  0, 32, 79), (2037,  0, 43, 79), (2081,  0, 47, 79),
   (2129,  0, 55, 79), (2185,  0, 45, 79), (2231,  0, 43, 79), (2275,  0, 45, 79),
   (2321,  0, 46, 79), (2368,  0, 28, 79), (2397,  0, 44, 79), (2442,  0, 44, 79),
   (2487,  0, 44, 79), (2532,  0, 44, 79), (2577,  0, 46, 79), (2624,  0, 45, 79),
   (2670,  0, 46, 79), (2717,  0, 46, 79), (2764,  0, 45, 79), (2810,  0, 33, 79),
   (2844,  0, 29, 79), (2874,  0, 52, 79), (2927,  0, 48, 79), (2976,  0, 44, 79),
   (3021,  0, 52, 79), (3074,  0, 46, 79), (3121,  0, 52, 79), (3174,  0, 38, 79),
   (3213,  0, 31, 79), (3245,  0, 31, 79), (3277,  0, 35, 79), (3313,  0, 49, 79),
   (3363,  0, 47, 79), (3411,  0, 47, 79), (3459,  0, 32, 79), (3492,  0, 34, 79),
   (3527,  0, 32, 79), (3560,  0, 34, 79), (3595,  0, 31, 79), (3627,  0, 30, 79),
   (3658,  0, 28, 79), (3687,  0, 34, 79), (3722,  0, 29, 79), (3752,  0, 45, 79),
   (3798,  0, 29, 79), (3828,  0, 45, 79), (3874,  0, 46, 79), (3921,  0, 44, 79),
   (3966,  0, 29, 79), (3996,  0, 40, 79), (4037,  0, 48, 79), (4086,  0, 48, 79),
   (4135,  0, 45, 79), (4181,  0, 54, 79), (4236,  0, 54, 79), (4291,  0, 44, 79),
   (4336,  0, 52, 79), (4389,  0, 52, 79), (4442,  0, 52, 79), (4495,  0, 52, 79),
   (4548,  0, 52, 79), (4601,  0, 52, 79), (4654,  0, 65, 79), (4720,  0, 52, 79),
   (4773,  0, 45, 79), (4819,  0, 45, 79), (4865,  0, 45, 79), (4911,  0, 45, 79),
   (4957,  0, 33, 79), (4991,  0, 34, 79), (5026,  0, 36, 79), (5063,  0, 37, 79),
   (5101,  0, 54, 79), (5156,  0, 46, 79), (5203,  0, 46, 79), (5250,  0, 46, 79),
   (5297,  0, 46, 79), (5344,  0, 46, 79), (5391,  0, 46, 79), (5438,  0, 55, 79),
   (5494,  0, 46, 79), (5541,  0, 46, 79), (5588,  0, 46, 79), (5635,  0, 46, 79),
   (5682,  0, 51, 79), (5734,  0, 46, 79), (5781,  0, 43, 79), (5825,  0, 43, 79),
   (5869,  0, 43, 79), (5913,  0, 43, 79), (5957,  0, 43, 79), (6001,  0, 43, 79),
   (6045,  0, 60, 79), (6106,  0, 44, 79), (6151,  0, 44, 79), (6196,  0, 44, 79),
   (6241,  0, 44, 79), (6286,  0, 44, 79), (6331,  0, 33, 79), (6365,  0, 35, 79),
   (6401,  0, 36, 79), (6438,  0, 37, 79), (6476,  0, 45, 79), (6522,  0, 43, 79),
   (6566,  0, 43, 79), (6610,  0, 43, 79), (6654,  0, 43, 79), (6698,  0, 43, 79),
   (6742,  0, 43, 79), (6786,  0, 47, 79), (6834,  0, 43, 79), (6878,  0, 43, 79),
   (6922,  0, 43, 79), (6966,  0, 43, 79), (7010,  0, 43, 79), (7054,  0, 43, 79));

Define OffsetList
 ( (-12, 0), (-10, 0), (-10, 0), (-9, 0), (-10, 0), (-10, 0), (-10, 0), (-9, 0),
   (-9, 0), (-11, 0), (-10, 0), (-10, 0), (-10, 0), (-10, 0), (-9, 0), (-10, 0),
   (-10, 0), (-10, 0), (-10, 0), (-12, 0), (-10, 0), (-12, 0), (-12, 0), (-12, 0),
   (-12, 0), (-11, 0), (-9, 0), (-10, 0), (-10, 0), (-10, 0), (-10, 0), (-10, 0),
   (-9, 0), (-9, 0), (-10, 0), (-12, 0), (-10, 0), (-10, 0), (-9, 0), (-10, 0),
   (-9, 0), (-9, 0), (-9, 0), (-10, 0), (-10, 0), (-10, 0), (-10, 0), (-12, 0),
   (-12, 0), (-12, 0), (-10, 0), (-11, 0), (-9, 0), ( 0, 0), (-8, 0), (-8, 0),
   (-9, 0), (-8, 0), (-9, 0), (-8, 0), (-9, 0), (-9, 0), (-11, 0), (-11, 0),
   (-9, 0), (-10, 0), (-11, 0), (-10, 0), (-11, 0), (-12, 0), (-10, 0), (-11, 0),
   (-10, 0), (-10, 0), (-11, 0), (-12, 0), (-10, 0), (-10, 0), (-10, 0), (-10, 0),
   (-10, 0), (-10, 0), (-11, 0), (-10, 0), (-10, 0), (-10, 0), (-11, 0), (-11, 0),
   (-11, 0), (-12, 0), (-11, 0), (-11, 0), (-9, 0), (-10, 0), (-11, 0), (-12, 0),
   (-11, 0), (-10, 0), (-10, 0), (-11, 0), (-12, 0), (-12, 0), (-12, 0), (-12, 0),
   (-12, 0), (-12, 0), (-12, 0), (-10, 0), (-9, 0), (-10, 0), (-10, 0), (-10, 0),
   (-11, 0), (-9, 0), (-12, 0), (-13, 0), (-11, 0), (-10, 0), (-9, 0), (-9, 0),
   (-9, 0), (-9, 0), (-9, 0), (-11, 0), (-9, 0), (-10, 0), (-10, 0), (-10, 0),
   (-12, 0), (-11, 0), (-10, 0), (-9, 0), (-9, 0), (-9, 0), (-9, 0), (-9, 0),
   (-11, 0), (-11, 0), (-10, 0), (-10, 0), (-10, 0), (-10, 0), (-11, 0), (-10, 0),
   (-12, 0), (-13, 0), (-11, 0), (-10, 0), (-10, 0), (-9, 0), (-9, 0), (-9, 0),
   (-9, 0), (-10, 0), (-10, 0), (-10, 0), (-10, 0), (-10, 0), (-10, 0), (-10, 0));

CreateLayer               Main;
LayerSetImage             Main 'ContinuumMedium33glow';
LayerSetAscent            Main 56;
LayerSetCharWidths        Main CharList WidthList;
LayerSetCharWidths        Main (' ') (12);
LayerSetImageMap          Main CharList RectList;
LayerSetCharOffsets       Main CharList OffsetList;
LayerSetAscentPadding     Main 12;
LayerSetLineSpacingOffset Main -12;
LayerSetPointSize         Main 33;

SetDefaultPointSize  33;
