Define CharList
 ( 'A', 'B', 'C', 'D', 'E', 'F', 'G', 'H', 'I', 'J', 'K', 'L', 'M', 'N', 'O', 'P',
   'Q', 'R', 'S', 'T', 'U', 'V', 'W', 'X', 'Y', 'Z', 'a', 'b', 'c', 'd', 'e', 'f',
   'g', 'h', 'i', 'j', 'k', 'l', 'm', 'n', 'o', 'p', 'q', 'r', 's', 't', 'u', 'v',
   'w', 'x', 'y', 'z', '0', '1', '2', '3', '4', '5', '6', '7', '8', '9', '~', '`',
   '!', '@', '#', '$', '%', '^', '&', '*', '(', ')', '-', '_', '=', '+', '[', '{',
   ']', '}', ';', ':',"'", '"', ',', '<', '.', '>', '/', '?', '¡', '¢', '£', '¥',
   '§', '©', '®', '¿', 'À', 'Á', 'Â', 'Ã', 'Ä', 'Å', 'Æ', 'Ç', 'È', 'É', 'Ê', 'Ë',
   'Ì', 'Í', 'Î', 'Ï', 'Ð', 'Ñ', 'Ò', 'Ó', 'Ô', 'Õ', 'Ö', 'Ø', 'Ù', 'Ú', 'Û', 'Ü',
   'Ý', 'ß', 'à', 'á', 'â', 'ã', 'ä', 'å', 'æ', 'ç', 'è', 'é', 'ê', 'ë', 'ì', 'í',
   'î', 'ï', 'ð', 'ñ', 'ò', 'ó', 'ô', 'õ', 'ö', 'ø', 'ù', 'ú', 'û', 'ü', 'ý', 'ÿ');

Define WidthList
 (  15,  15,  13,  15,  14,  13,  15,  15,   5,   6,  14,  12,  20,  15,  15,  14,
    15,  15,  13,  10,  15,  14,  20,  15,  14,  12,  13,  13,  11,  13,  13,   6,
    13,  13,   5,   5,  13,   5,  17,  13,  14,  13,  13,   6,  12,   6,  13,  12,
    17,  12,  13,  13,  15,  15,  15,  15,  15,  15,  15,  15,  15,  15,  13,   8,
     6,  17,  14,  13,  17,  11,   0,   9,   6,   6,   8,  13,  16,  15,   6,   7,
     6,   7,   5,   5,   4,   7,   4,  12,   4,  11,  14,  12,   6,  11,  14,  13,
    13,  19,  19,  12,  15,  15,  15,  15,  15,  15,  22,  17,  14,  14,  14,  14,
     7,   7,   7,   7,  17,  15,  15,  15,  15,  15,  15,  19,  15,  15,  15,  15,
    14,  13,  13,  13,  13,  13,  13,  13,  21,  12,  13,  13,  13,  13,   7,   7,
     7,   7,  13,  13,  13,  13,  13,  13,  13,  15,  13,  13,  13,  13,  13,  14);

Define RectList
 ( (   0,  0, 33, 48), (  34,  0, 30, 48), (  65,  0, 29, 48), (  95,  0, 30, 48),
   ( 126,  0, 29, 48), ( 156,  0, 29, 48), ( 186,  0, 30, 48), ( 217,  0, 30, 48),
   ( 248,  0, 20, 48), ( 269,  0, 23, 48), ( 293,  0, 30, 48), ( 324,  0, 29, 48),
   ( 354,  0, 35, 48), ( 390,  0, 30, 48), ( 421,  0, 30, 48), ( 452,  0, 30, 48),
   ( 483,  0, 30, 48), ( 514,  0, 30, 48), ( 545,  0, 29, 48), ( 575,  0, 28, 48),
   ( 604,  0, 30, 48), ( 635,  0, 33, 48), ( 669,  0, 38, 48), ( 708,  0, 34, 48),
   ( 743,  0, 33, 48), ( 777,  0, 29, 48), ( 807,  0, 29, 48), ( 837,  0, 28, 48),
   ( 866,  0, 27, 48), ( 894,  0, 28, 48), ( 923,  0, 29, 48), ( 953,  0, 22, 48),
   ( 976,  0, 28, 48), (1005,  0, 28, 48), (1034,  0, 21, 48), (1056,  0, 23, 48),
   (1080,  0, 29, 48), (1110,  0, 20, 48), (1131,  0, 32, 48), (1164,  0, 28, 48),
   (1193,  0, 29, 48), (1223,  0, 29, 48), (1253,  0, 29, 48), (1283,  0, 23, 48),
   (1307,  0, 27, 48), (1335,  0, 22, 48), (1358,  0, 28, 48), (1387,  0, 30, 48),
   (1418,  0, 35, 48), (1454,  0, 30, 48), (1485,  0, 28, 48), (1514,  0, 29, 48),
   (1544,  0, 30, 48), (1575,  0, 20, 48), (1596,  0, 29, 48), (1626,  0, 29, 48),
   (1656,  0, 29, 48), (1686,  0, 29, 48), (1716,  0, 30, 48), (1747,  0, 30, 48),
   (1778,  0, 30, 48), (1809,  0, 30, 48), (1840,  0, 30, 48), (1871,  0, 23, 48),
   (1895,  0, 21, 48), (1917,  0, 34, 48), (1952,  0, 31, 48), (1984,  0, 29, 48),
   (2014,  0, 34, 48), (2049,  0, 30, 48), (2080,  0, 33, 48), (2114,  0, 26, 48),
   (2141,  0, 22, 48), (2164,  0, 22, 48), (2187,  0, 24, 48), (2212,  0, 32, 48),
   (2245,  0, 31, 48), (2277,  0, 31, 48), (2309,  0, 22, 48), (2332,  0, 23, 48),
   (2356,  0, 22, 48), (2379,  0, 23, 48), (2403,  0, 22, 48), (2426,  0, 21, 48),
   (2448,  0, 21, 48), (2470,  0, 23, 48), (2494,  0, 20, 48), (2515,  0, 30, 48),
   (2546,  0, 20, 48), (2567,  0, 30, 48), (2598,  0, 30, 48), (2629,  0, 29, 48),
   (2659,  0, 21, 48), (2681,  0, 27, 48), (2709,  0, 31, 48), (2741,  0, 31, 48),
   (2773,  0, 29, 48), (2803,  0, 35, 48), (2839,  0, 35, 48), (2875,  0, 29, 48),
   (2905,  0, 33, 48), (2939,  0, 33, 48), (2973,  0, 33, 48), (3007,  0, 33, 48),
   (3041,  0, 33, 48), (3075,  0, 33, 48), (3109,  0, 41, 48), (3151,  0, 34, 48),
   (3186,  0, 29, 48), (3216,  0, 29, 48), (3246,  0, 29, 48), (3276,  0, 29, 48),
   (3306,  0, 23, 48), (3330,  0, 23, 48), (3354,  0, 25, 48), (3380,  0, 25, 48),
   (3406,  0, 34, 48), (3441,  0, 30, 48), (3472,  0, 30, 48), (3503,  0, 30, 48),
   (3534,  0, 30, 48), (3565,  0, 30, 48), (3596,  0, 30, 48), (3627,  0, 36, 48),
   (3664,  0, 30, 48), (3695,  0, 30, 48), (3726,  0, 30, 48), (3757,  0, 30, 48),
   (3788,  0, 33, 48), (3822,  0, 30, 48), (3853,  0, 29, 48), (3883,  0, 29, 48),
   (3913,  0, 29, 48), (3943,  0, 29, 48), (3973,  0, 29, 48), (4003,  0, 29, 48),
   (4033,  0, 38, 48), (4072,  0, 29, 48), (4102,  0, 29, 48), (4132,  0, 29, 48),
   (4162,  0, 29, 48), (4192,  0, 29, 48), (4222,  0, 23, 48), (4246,  0, 24, 48),
   (4271,  0, 25, 48), (4297,  0, 25, 48), (4323,  0, 30, 48), (4354,  0, 28, 48),
   (4383,  0, 29, 48), (4413,  0, 29, 48), (4443,  0, 29, 48), (4473,  0, 29, 48),
   (4503,  0, 29, 48), (4533,  0, 32, 48), (4566,  0, 28, 48), (4595,  0, 28, 48),
   (4624,  0, 28, 48), (4653,  0, 28, 48), (4682,  0, 28, 48), (4711,  0, 28, 48));

Define OffsetList
 ( (-9, 0), (-8, 0), (-8, 0), (-8, 0), (-8, 0), (-8, 0), (-8, 0), (-8, 0),
   (-8, 0), (-9, 0), (-8, 0), (-8, 0), (-8, 0), (-8, 0), (-8, 0), (-8, 0),
   (-8, 0), (-8, 0), (-8, 0), (-9, 0), (-8, 0), (-9, 0), (-9, 0), (-9, 0),
   (-9, 0), (-9, 0), (-8, 0), (-8, 0), (-8, 0), (-8, 0), (-8, 0), (-8, 0),
   (-8, 0), (-8, 0), (-8, 0), (-9, 0), (-8, 0), (-8, 0), (-8, 0), (-8, 0),
   (-8, 0), (-8, 0), (-8, 0), (-8, 0), (-8, 0), (-8, 0), (-8, 0), (-9, 0),
   (-9, 0), (-9, 0), (-8, 0), (-8, 0), (-8, 0), (-3, 0), (-7, 0), (-7, 0),
   (-7, 0), (-7, 0), (-8, 0), (-7, 0), (-8, 0), (-8, 0), (-8, 0), (-8, 0),
   (-8, 0), (-8, 0), (-9, 0), (-8, 0), (-8, 0), (-9, 0), (-8, 0), (-8, 0),
   (-8, 0), (-8, 0), (-8, 0), (-9, 0), (-7, 0), (-8, 0), (-8, 0), (-8, 0),
   (-8, 0), (-8, 0), (-9, 0), (-8, 0), (-8, 0), (-8, 0), (-8, 0), (-9, 0),
   (-8, 0), (-9, 0), (-8, 0), (-9, 0), (-7, 0), (-8, 0), (-8, 0), (-9, 0),
   (-8, 0), (-8, 0), (-8, 0), (-9, 0), (-9, 0), (-9, 0), (-9, 0), (-9, 0),
   (-9, 0), (-9, 0), (-9, 0), (-8, 0), (-8, 0), (-8, 0), (-8, 0), (-8, 0),
   (-8, 0), (-8, 0), (-10, 0), (-9, 0), (-9, 0), (-8, 0), (-8, 0), (-8, 0),
   (-8, 0), (-8, 0), (-8, 0), (-9, 0), (-8, 0), (-8, 0), (-8, 0), (-8, 0),
   (-9, 0), (-9, 0), (-8, 0), (-8, 0), (-8, 0), (-8, 0), (-8, 0), (-8, 0),
   (-8, 0), (-9, 0), (-8, 0), (-8, 0), (-8, 0), (-8, 0), (-8, 0), (-8, 0),
   (-10, 0), (-9, 0), (-8, 0), (-8, 0), (-8, 0), (-8, 0), (-8, 0), (-8, 0),
   (-8, 0), (-9, 0), (-8, 0), (-8, 0), (-8, 0), (-8, 0), (-8, 0), (-8, 0));

CreateLayer               Main;
LayerSetImage             Main 'ContinuumMedium18glow';
LayerSetAscent            Main 33;
LayerSetCharWidths        Main CharList WidthList;
LayerSetCharWidths        Main (' ') (7);
LayerSetImageMap          Main CharList RectList;
LayerSetCharOffsets       Main CharList OffsetList;
LayerSetAscentPadding     Main 9;
LayerSetLineSpacingOffset Main -9;
LayerSetPointSize         Main 18;

SetDefaultPointSize  18;
